skin_L skin_A skin_B eye_r eye_g eye_b eye_L eye_A eye_B hair_L hair_A hair_B hair_r1 hair_g1 hair_b1 hair_r2 hair_g2 hair_b2 hair_r3 hair_g3 hair_b3
174.974319 125.339476 110.918871 75 58 54 68.894737 129.815789 117.342105 129.125984 129.125984 131.171552 39 43 47 6 9 17 66 69 73 
175.559274 127.331923 109.878298 62 43 40 74.333333 132.745098 117.470588 129.457618 129.457618 127.480794 47 43 43 6 9 17 74 70 70 
162.513137 128.526988 109.411374 37 34 37 58.380952 130.571429 126.392857 128.137456 128.137456 131.379425 24 32 35 50 58 61 76 84 86 
176.466552 126.413404 108.656202 52 41 43 47.723684 131.934211 122.684211 130.670072 130.670072 131.130430 22 26 34 49 52 60 79 82 86 
173.520636 127.893969 111.919884 52 45 49 47.197368 131.644737 123.447368 128.691732 128.691732 129.354319 30 34 38 56 60 64 82 90 90 
167.467042 126.457580 111.529707 69 57 53 75.315789 130.894737 119.697368 128.493902 128.493902 130.295137 27 30 34 53 57 61 80 88 88 
179.127802 129.032553 110.920832 57 42 38 41.807018 130.859649 118.631579 128.629578 128.629578 130.279820 8 11 15 34 38 42 61 65 67 
145.960726 129.438782 105.096707 60 45 41 56.337500 131.387500 118.500000 129.504298 129.504298 131.740364 0 11 17 38 41 45 64 68 71 
140.363039 129.175903 107.391014 58 45 41 51.394737 130.394737 120.157895 129.202354 129.202354 126.799227 30 34 38 60 64 68 90 94 98 
149.321947 127.458606 109.292209 45 41 45 70.026316 131.223684 128.039474 128.571658 128.571658 124.837747 41 38 38 68 64 64 105 103 101 
144.598092 129.272057 105.388470 39 34 38 58.187500 131.325000 127.287500 128.368900 128.368900 131.641178 26 30 34 52 56 60 79 82 86 
159.687049 128.729541 107.850943 65 52 52 54.862745 131.372549 119.352941 128.888879 128.888879 128.137986 29 33 36 56 59 63 82 86 90 
162.222431 128.559997 109.649681 145 115 111 133.460000 132.810000 112.550000 128.854773 128.854773 127.285018 28 32 36 55 59 62 100 93 89 
181.689332 128.157016 112.807567 54 46 42 53.274510 129.000000 122.784314 126.420417 126.420417 131.694434 27 35 35 73 69 61 100 96 92 
181.615999 126.994785 113.490539 58 46 46 49.352941 131.274510 120.176471 128.842957 128.842957 129.768320 35 38 42 65 69 69 8 12 17 
174.104504 127.960550 110.686500 42 34 42 38.092593 132.888889 125.351852 129.621593 129.621593 131.859322 30 34 42 57 63 69 4 8 15 
168.828679 127.947846 109.958422 60 49 49 56.315789 131.421053 120.982456 129.183365 129.183365 132.852087 38 41 49 64 71 75 11 15 22 
178.435011 127.852247 112.540145 61 53 49 61.683333 128.133333 122.150000 127.961169 127.961169 125.919675 57 55 53 105 93 85 22 24 26 
154.978166 129.024199 109.229619 45 41 45 44.912281 131.421053 125.543860 127.869030 127.869030 128.744165 52 54 56 79 82 82 109 112 112 
167.642221 128.617190 112.175740 61 49 53 50.438596 131.298246 122.228070 128.874408 128.874408 126.926804 38 42 46 2 8 15 65 69 72 
151.605479 129.542403 108.320843 46 38 44 53.403509 132.052632 124.561404 129.003540 129.003540 127.630851 38 42 46 65 69 72 103 107 107 
172.320798 128.898392 110.145636 50 39 35 41.037037 130.296296 119.555556 127.581342 127.581342 125.979275 31 35 35 70 66 62 6 4 8 
173.364184 127.378671 112.266606 43 31 39 41.719298 133.210526 121.596491 128.760610 128.760610 127.492899 35 39 43 62 66 70 8 4 12 
166.815383 126.384134 110.571816 58 50 50 56.425926 130.296296 123.407407 127.808828 127.808828 125.858312 73 69 65 35 39 39 99 95 91 
171.295561 126.988634 113.146362 41 38 38 44.627451 129.313725 124.549020 127.650538 127.650538 133.667546 19 30 34 52 60 60 82 90 86 
177.040655 126.827086 112.939952 45 38 43 48.055556 132.259259 122.925926 128.990832 128.990832 128.316487 45 49 53 72 76 79 15 19 26 
163.902604 126.940174 110.126458 45 38 38 40.350877 129.877193 124.017544 128.588603 128.588603 131.076386 34 38 42 4 9 15 60 64 68 
159.600525 126.395999 109.982964 54 51 54 55.684211 131.118421 126.578947 129.304706 129.304706 129.992588 34 43 51 60 69 76 9 14 25 
176.818640 124.729443 111.555190 52 45 47 52.666667 130.733333 124.483333 128.415175 128.415175 128.909652 41 45 48 67 71 74 7 11 19 
158.590361 125.501806 110.590187 49 42 45 44.142857 131.809524 122.880952 129.759127 129.759127 130.990669 30 34 42 60 64 68 94 98 98 
171.339927 124.898632 110.614909 52 45 45 56.842105 130.513158 123.513158 128.572005 128.572005 129.184003 34 38 41 60 64 68 105 101 98 
169.043884 126.756502 109.515334 58 47 43 50.157895 130.039474 119.881579 129.196696 129.196696 124.510958 47 39 39 82 70 64 21 14 12 
161.659057 127.676156 107.286370 59 46 44 55.222222 131.296296 119.611111 128.868336 128.868336 131.533707 44 48 52 74 81 81 107 111 111 
175.236993 125.399108 111.562521 59 52 52 51.966667 130.133333 122.350000 127.919657 127.919657 126.913498 42 44 44 78 74 70 133 111 96 
172.623221 126.219040 108.247974 46 38 42 40.228070 131.614035 123.789474 129.181105 129.181105 132.503874 23 29 34 49 57 61 80 84 88 
170.457365 125.790122 108.820193 81 64 54 68.381579 129.315789 116.289474 128.765884 128.765884 130.520831 35 39 42 66 70 70 8 12 17 
171.011972 125.118784 110.099083 66 53 49 55.666667 129.847222 119.916667 129.151950 129.151950 130.341997 28 32 36 66 62 62 93 89 89 
168.869323 124.775389 110.730166 58 48 50 50.625000 130.805556 123.152778 128.447313 128.447313 129.305614 35 39 43 61 65 69 91 95 95 
173.117149 126.157030 110.474157 54 39 39 50.973684 131.907895 118.631579 128.234815 128.234815 127.228745 31 35 39 73 70 66 100 97 93 
175.047918 126.253671 110.798325 65 54 54 71.342105 130.565789 121.828947 128.516478 128.516478 127.871660 35 39 43 61 65 69 6 9 17 
157.296980 127.429100 105.087127 75 64 60 64.986842 130.381579 120.368421 129.071433 129.071433 131.082662 34 38 41 60 64 68 4 8 15 
163.917191 125.919438 109.799036 74 63 59 67.416667 129.216667 120.633333 128.374473 128.374473 126.090987 37 41 44 78 74 70 118 107 96 
156.614521 127.252141 108.169237 52 45 49 48.947368 131.263158 124.592105 129.396206 129.396206 132.618592 38 41 49 64 71 75 11 15 22 
176.609573 126.272512 111.255200 64 52 52 59.412698 131.015873 121.968254 129.000670 129.000670 129.173970 45 49 52 71 75 79 15 19 26 
170.671890 126.556471 110.201219 52 41 45 45.981481 131.592593 121.944444 130.329880 130.329880 132.292167 30 34 41 56 60 68 86 94 98 
167.488352 127.496678 108.977941 68 55 53 80.421053 130.355263 123.210526 129.584838 129.584838 131.558086 28 32 40 59 62 66 85 89 93 
169.838141 125.776674 110.926827 60 45 45 58.981481 131.796296 118.796296 129.770439 129.770439 131.284013 30 34 41 56 60 68 131 139 142 
162.530300 127.355604 110.366252 47 43 47 46.968254 130.825397 125.634921 128.784748 128.784748 129.796081 36 40 43 2 9 17 62 66 70 
144.097381 127.153522 106.799681 56 49 49 55.565789 129.776316 122.460526 128.205445 128.205445 129.848930 49 52 56 22 26 30 75 79 82 
159.470404 127.174460 109.419602 52 45 45 49.925000 130.275000 123.587500 128.175737 128.175737 128.238739 45 47 49 82 79 75 109 105 105 
143.386329 128.642717 106.780465 64 52 52 53.754386 130.736842 121.982456 128.324288 128.324288 131.955905 34 41 45 64 68 71 8 11 19 
141.057420 128.558684 106.594827 45 41 45 39.039474 130.828947 127.184211 128.979724 128.979724 132.378638 26 34 41 60 64 68 86 94 98 
161.671887 129.031965 109.529638 62 51 55 51.537500 133.112500 120.675000 129.034280 129.034280 129.974985 35 39 43 62 66 70 10 8 16 
161.304587 127.860598 108.345608 56 45 45 55.794118 131.294118 120.882353 129.898505 129.898505 132.235052 34 38 45 60 64 71 8 11 19 
162.114195 127.998314 110.069027 51 43 43 56.662500 131.262500 122.537500 129.135363 129.135363 133.332720 25 32 40 55 62 66 85 96 100 
164.847599 127.216923 110.436263 111 100 108 95.026316 133.368421 125.434211 128.564085 128.564085 128.054343 40 43 47 66 70 74 111 108 100 
187.149258 127.641260 114.560255 48 38 44 43.944444 132.314815 123.055556 130.188121 130.188121 128.635738 34 36 42 61 63 69 88 89 95 
129.959081 128.101143 105.594683 31 31 39 66.000000 130.807018 129.614035 129.033579 129.033579 131.046670 17 24 31 64 61 57 94 90 86 
111.068970 129.248675 104.826826 45 34 34 32.740741 131.462963 121.037037 129.445205 129.445205 124.988268 49 41 41 82 71 68 8 11 15 
129.109115 128.661740 103.422319 34 22 22 16.050000 131.800000 121.100000 127.471578 127.471578 128.866745 15 19 22 49 52 52 75 79 79 
111.086167 129.018218 104.081269 45 34 34 81.712500 129.000000 125.300000 127.235894 127.235894 128.596242 26 30 30 53 57 57 81 91 83 
132.324550 128.354526 107.406014 37 26 22 23.298246 129.631579 120.789474 126.438242 126.438242 129.189687 18 22 22 59 55 48 89 96 96 
114.541175 127.576663 108.445651 11 8 15 16.712500 130.587500 126.375000 126.183461 126.183461 129.030934 26 30 30 52 60 56 79 86 82 
121.984077 127.363493 105.574827 56 41 32 71.183333 128.183333 119.516667 128.535172 128.535172 131.281426 34 38 41 60 64 68 222 92 93 
136.264704 128.173425 104.895394 79 68 56 97.596491 128.210526 124.087719 127.840048 127.840048 127.781369 22 26 30 64 60 56 90 86 82 
115.058026 128.536833 104.838878 19 15 19 46.458333 131.583333 128.486111 128.269937 128.269937 128.224205 35 38 42 0 4 12 61 65 69 
115.810583 128.914025 105.459061 23 27 32 71.929825 128.035088 131.666667 128.040965 128.040965 129.530504 38 42 42 72 70 69 8 11 15 
119.415192 129.116167 108.906397 46 34 34 52.697368 130.697368 121.236842 129.109010 129.109010 128.115195 23 27 30 61 59 57 88 86 84 
123.908696 128.051877 107.919612 19 17 27 55.112500 131.375000 130.450000 129.922890 129.922890 129.530316 42 46 53 15 19 23 69 72 80 
143.847174 127.654695 105.057877 57 42 34 43.150000 130.537500 118.562500 128.431280 128.431280 128.169055 23 27 30 49 53 57 76 80 84 
131.567861 127.407768 106.070980 26 22 30 23.859649 131.701754 127.035088 128.687010 128.687010 127.735845 26 30 34 56 60 60 90 88 86 
133.945590 127.450862 106.791914 57 42 38 65.703704 129.296296 120.037037 130.933947 130.933947 127.845847 8 11 19 42 38 46 76 72 72 
125.434937 127.869705 108.087274 74 59 52 89.365079 130.063492 120.857143 129.671309 129.671309 127.833098 33 37 44 65 67 70 4 11 18 
107.280877 129.458095 110.811883 45 30 26 27.842105 132.000000 118.842105 128.749903 128.749903 130.981556 38 45 52 0 8 15 64 71 79 
129.446659 128.400933 106.612566 43 41 49 107.773810 130.416667 129.845238 129.248032 129.248032 133.314405 26 34 41 56 64 68 82 90 94 
148.592022 128.118120 106.416195 66 59 62 59.754386 131.035088 124.947368 129.432635 129.432635 130.844566 17 25 32 51 55 59 77 81 85 
129.974037 128.506410 107.366606 78 60 48 53.438596 128.578947 115.842105 128.585462 128.585462 129.976468 30 34 37 56 60 63 123 104 89 
119.577827 127.676653 108.565516 53 53 57 56.809524 130.047619 128.630952 128.810655 128.810655 128.327478 27 30 34 61 65 65 99 91 91 
127.895938 127.656306 108.682011 43 36 40 58.714286 130.440476 125.440476 129.305695 129.305695 128.517717 28 32 36 81 70 62 111 100 89 
112.569749 127.675109 109.623137 40 29 29 45.052632 130.596491 121.859649 129.498410 129.498410 131.111964 13 21 29 48 51 55 76 82 86 
129.625278 127.384379 106.382133 32 25 28 84.960526 129.302632 126.776316 128.156425 128.156425 128.412213 21 25 28 74 62 55 106 100 94 
107.166473 127.923601 110.106931 27 27 35 44.888889 130.416667 128.361111 128.517209 128.517209 130.679860 19 23 27 46 50 54 97 93 93 
97.929214 129.421297 111.887325 23 21 29 25.481481 132.500000 127.444444 128.579620 128.579620 127.869869 25 29 33 56 59 59 82 86 84 
100.867833 129.512878 111.028586 27 23 27 45.236842 128.894737 124.460526 128.266202 128.266202 129.141274 19 23 27 50 54 54 77 81 79 
99.841189 129.421297 112.144199 27 27 35 45.947368 130.407895 129.355263 128.327151 128.327151 130.998284 23 27 31 50 54 58 81 85 85 
121.152876 129.415428 105.128478 34 34 38 120.275000 126.312500 125.200000 129.260505 129.260505 131.084877 30 34 38 57 61 65 103 107 107 
105.473787 129.443551 111.544429 27 23 30 43.381579 130.986842 127.855263 128.147963 128.147963 119.306033 49 38 30 84 69 57 114 107 103 
101.610557 128.948686 108.928506 38 38 42 82.775000 129.275000 127.200000 129.397185 129.397185 131.288852 19 23 27 46 50 54 77 81 81 
100.610868 129.132302 112.996998 27 19 23 19.771930 131.210526 124.210526 128.310666 128.310666 129.458004 19 23 27 46 50 54 81 85 85 
116.662616 127.583419 109.258018 15 15 23 35.962963 130.851852 127.018519 129.405585 129.405585 130.268808 15 19 27 65 61 58 96 92 88 
136.905872 128.120509 105.547612 34 30 34 33.740741 131.851852 126.240741 129.156958 129.156958 130.804498 34 38 42 0 8 17 61 65 67 
97.253702 129.087025 107.261179 38 35 35 109.930556 128.444444 123.833333 128.219911 128.219911 126.859153 12 15 19 54 50 46 88 81 73 
110.795031 129.032671 110.157262 38 32 34 50.583333 129.800000 124.416667 128.667414 128.667414 130.751511 30 34 38 57 61 65 0 8 13 
86.781896 129.544356 111.649789 19 15 23 93.475000 129.187500 130.462500 127.633762 127.633762 127.545602 15 19 23 69 57 49 95 84 78 
112.373604 128.292634 107.074891 13 9 17 48.175000 131.612500 128.750000 127.869811 127.869811 128.585410 17 21 25 47 51 51 74 77 76 
130.901638 127.528731 104.257775 49 34 34 32.259259 132.092593 118.722222 128.962546 128.962546 129.340440 34 38 41 64 68 68 8 11 15 
119.364231 126.994750 105.766645 19 17 22 20.737500 130.900000 126.975000 127.460471 127.460471 129.691069 22 26 30 52 60 56 81 90 86 
96.863349 129.067898 109.451199 23 19 23 17.328947 130.578947 127.434211 128.127903 128.127903 126.495534 31 27 27 65 58 54 96 92 86 
99.044427 129.565920 111.783149 31 19 19 41.403509 131.192982 121.175439 128.859515 128.859515 127.815122 17 19 23 54 50 50 81 77 77 
137.404723 127.105658 106.488180 30 30 42 36.825000 132.925000 129.975000 129.604841 129.604841 130.259910 15 19 27 46 49 53 80 84 84 
104.616205 128.211048 108.841896 15 19 25 66.815789 128.289474 125.894737 126.263050 126.263050 127.937517 46 49 49 118 122 114 72 76 76 
107.130612 128.759612 108.671390 46 34 34 38.925926 129.962963 119.333333 128.067104 128.067104 130.103028 42 46 46 8 15 19 76 74 72 
106.325487 128.580910 108.281914 19 17 23 27.850000 132.437500 129.612500 127.953089 127.953089 128.830230 23 27 30 53 57 57 82 84 84 
119.374566 128.277009 108.002618 41 34 34 31.750000 131.037500 123.512500 128.698529 128.698529 130.161828 34 38 41 75 71 68 2 9 15 
126.279540 128.733129 107.401248 42 30 30 40.203704 131.481481 121.611111 129.222751 129.222751 129.942600 8 15 23 46 49 49 72 76 76 
143.196621 128.751308 107.724056 77 71 62 66.611111 127.305556 120.166667 127.717750 127.717750 125.410024 38 41 45 64 68 71 90 98 98 
109.353067 129.672987 108.428245 30 26 30 27.825000 131.675000 125.787500 128.303950 128.303950 129.611379 30 34 38 56 60 64 81 86 90 
137.913548 128.125208 108.723475 45 41 47 72.937500 131.012500 126.112500 128.398820 128.398820 133.099145 35 43 47 61 69 73 6 13 20 
148.720077 129.544422 109.170015 62 64 68 82.433333 129.216667 130.950000 128.533942 128.533942 127.828496 30 34 38 68 64 64 98 90 90 
126.332930 128.045284 108.655225 30 30 35 51.300000 130.016667 126.883333 129.227876 129.227876 130.837224 33 37 41 59 63 67 89 92 92 
101.478184 130.092514 113.273543 54 42 42 42.787500 131.200000 121.537500 128.151919 128.151919 129.420823 35 39 42 66 70 70 0 6 12 
101.089608 129.996783 111.702074 38 34 38 47.789474 130.859649 124.631579 127.822118 127.822118 126.363767 46 49 49 72 76 76 99 103 103 
168.305846 128.295131 110.968485 38 38 38 45.950000 128.900000 129.362500 126.758633 126.758633 133.928318 23 34 38 49 61 65 80 91 95 
124.079664 129.242354 107.489003 36 32 36 38.031746 130.603175 126.460317 129.681442 129.681442 132.961276 25 32 40 55 62 66 81 89 93 
151.024590 129.382870 106.677675 26 22 28 26.350877 131.684211 125.684211 128.885677 128.885677 132.488438 34 41 45 0 9 15 60 68 71 
142.374788 128.349886 110.422322 49 43 45 56.181818 130.439394 124.984848 128.978243 128.978243 129.697568 34 38 41 71 68 68 105 112 116 
143.941622 127.788591 108.383716 91 87 80 105.511364 126.852273 125.852273 128.014490 128.014490 125.877465 58 55 51 84 80 76 22 18 25 
140.471491 127.980497 106.840903 59 44 44 55.297619 132.095238 121.404762 128.505347 128.505347 128.218391 30 33 37 70 67 63 102 100 92 
131.094368 128.118111 107.570685 37 37 44 48.037500 130.525000 129.337500 128.178350 128.178350 131.341671 26 33 37 59 63 63 85 89 89 
114.822820 128.949697 108.923287 92 78 70 108.428571 124.297619 117.857143 128.468667 128.468667 129.063155 44 48 52 0 11 20 74 78 78 
105.659389 127.821270 113.320523 32 32 36 50.127273 129.454545 127.427273 127.857071 127.857071 127.770815 36 40 40 6 9 15 81 74 66 
142.984235 126.547235 106.004668 52 45 45 48.407895 130.736842 122.868421 129.247152 129.247152 131.216172 41 45 49 11 15 22 71 75 79 
129.662004 127.265561 105.636512 52 48 48 60.119048 129.023810 124.250000 127.999832 127.999832 127.612796 37 41 41 74 70 67 103 96 92 
95.294306 128.728162 110.263907 36 36 39 56.409091 129.409091 127.750000 128.697662 128.697662 132.138191 24 32 36 54 58 62 88 92 92 
97.859275 129.330879 112.467651 38 34 38 58.075000 129.900000 122.462500 128.571020 128.571020 131.052342 27 30 34 57 61 61 88 91 91 
97.959568 129.595547 111.114445 42 31 25 49.052632 129.666667 120.140351 127.226515 127.226515 129.468050 39 42 42 66 70 70 110 116 106 
116.341496 126.740710 109.626099 48 45 45 64.630952 129.511905 126.059524 127.836829 127.836829 130.775195 34 41 45 63 71 71 89 97 97 
123.717719 126.859018 106.273584 29 31 37 35.113636 131.125000 130.159091 127.862076 127.862076 132.233969 27 35 39 58 66 66 85 93 93 
117.539932 128.632906 107.798764 33 33 41 41.714286 130.630952 129.785714 128.859173 128.859173 130.774053 37 41 44 0 11 18 67 70 70 
104.870215 131.598320 112.132710 44 40 44 42.016667 130.083333 126.500000 127.419433 127.419433 130.566156 44 52 56 94 86 82 17 25 29 
109.593166 128.717927 108.187534 29 29 33 39.633333 130.816667 128.250000 128.059517 128.059517 129.396733 29 33 36 59 63 63 90 94 94 
132.366362 127.303831 105.169337 63 48 45 60.940476 129.571429 119.428571 128.377454 128.377454 129.579635 4 11 19 41 45 45 67 71 71 
93.181292 129.189727 114.167486 38 34 38 57.633333 128.900000 126.683333 127.449670 127.449670 128.992154 34 38 38 67 69 65 97 95 95 
126.242667 127.871924 107.102159 51 46 50 71.321429 130.488095 126.404762 128.913570 128.913570 133.144413 28 35 42 57 64 68 83 90 94 
97.817783 128.563352 112.759921 38 30 30 46.775000 129.312500 123.325000 128.272487 128.272487 129.443276 26 30 34 57 60 60 91 89 87 
119.487954 128.968043 108.197974 67 55 52 71.539683 129.269841 121.142857 126.895932 126.895932 127.033358 41 44 44 81 78 70 107 103 96 
95.797897 129.442489 111.901863 37 31 31 40.539474 129.539474 123.763158 126.387180 126.387180 124.157088 47 43 35 82 75 63 12 10 8 
121.683411 128.635350 106.460254 34 37 41 36.859649 129.894737 129.578947 128.685094 128.685094 130.940673 45 48 48 4 11 19 71 74 74 
116.139392 127.146189 108.088851 41 41 41 53.642857 128.559524 127.297619 127.644363 127.644363 132.192600 30 38 41 60 68 68 4 11 15 
119.520237 127.881481 110.240676 44 37 37 73.777778 130.190476 120.603175 125.104742 125.104742 116.673800 100 81 59 129 111 89 55 44 33 
122.426520 127.622202 105.949969 59 48 44 54.523810 129.460317 120.857143 128.574383 128.574383 133.173374 37 44 48 7 15 22 63 70 74 
153.528185 126.507072 109.073361 47 43 50 70.157895 132.302632 127.486842 127.184463 127.184463 123.986001 47 50 54 75 79 79 126 119 104 
128.517125 129.141574 108.558031 45 38 45 46.784091 132.795455 125.193182 130.175276 130.175276 131.979688 22 30 38 56 60 64 82 86 90 
121.573519 128.405019 109.215447 47 43 43 69.087500 129.287500 125.112500 128.688738 128.688738 132.694348 24 32 36 51 58 62 81 88 88 
113.435536 128.263558 108.350958 41 41 44 50.678571 129.511905 127.880952 128.480085 128.480085 131.410370 30 37 41 63 67 67 89 92 92 
151.258127 126.417153 110.464359 73 70 73 84.047619 128.583333 124.880952 129.848327 129.848327 130.678659 31 42 52 80 77 77 126 115 105 
137.888747 128.368022 107.630179 36 36 40 40.880952 130.666667 128.357143 128.526335 128.526335 131.687014 40 43 47 2 9 17 66 70 72 
118.240224 128.774791 109.982931 42 38 42 47.897727 131.443182 125.227273 128.542250 128.542250 127.750953 30 34 38 72 69 65 99 95 95 
131.844826 129.147889 106.866003 47 43 47 66.250000 130.534091 126.431818 128.888816 128.888816 132.405263 43 50 54 17 20 28 69 76 80 
140.373044 129.155397 105.986387 54 49 49 69.659091 129.965909 125.113636 129.185042 129.185042 131.551580 38 41 45 64 68 71 8 11 19 
122.953240 129.529995 110.466590 32 32 40 57.125000 131.600000 127.725000 128.767169 128.767169 130.316609 40 47 51 89 81 77 134 115 104 
95.759804 130.473961 113.543270 36 33 33 54.066667 128.866667 126.816667 127.752689 127.752689 127.614447 33 36 36 71 67 63 100 94 90 
125.379765 128.652214 108.784362 40 38 49 51.837500 132.275000 128.500000 128.511428 128.511428 131.866308 38 42 46 65 72 72 8 11 19 
112.910397 129.292604 111.014301 34 34 41 41.987500 130.800000 129.337500 128.551520 128.551520 129.224697 37 41 45 67 71 71 4 11 19 
135.328072 127.937147 108.882790 61 47 43 75.511905 129.535714 121.440476 129.252391 129.252391 133.880474 20 28 35 47 58 61 76 84 87 
122.455126 128.399721 109.757154 49 46 49 68.260870 129.891304 125.054348 127.963279 127.963279 132.736837 30 38 42 0 10 15 57 65 69 
113.891970 130.226403 109.360196 40 40 43 47.881579 130.447368 126.381579 128.789513 128.789513 129.940448 28 32 36 59 62 62 85 89 89 
119.925162 129.477301 106.312834 37 33 37 80.916667 129.600000 122.466667 128.708750 128.708750 130.150456 29 33 37 57 61 65 90 96 96 
123.811425 129.006354 108.063450 39 33 39 34.438596 131.684211 124.982456 128.761389 128.761389 130.475585 27 31 35 58 62 62 0 4 10 
142.867682 126.975281 108.358409 28 28 35 36.596491 131.771930 128.491228 129.631462 129.631462 131.855789 20 28 35 50 58 61 80 87 91 
147.056221 127.055678 108.010737 72 78 80 82.287500 128.075000 131.487500 127.662559 127.662559 126.851294 27 30 34 72 70 69 103 99 95 
167.636768 128.801700 109.663048 68 49 39 58.500000 129.912500 117.312500 129.539111 129.539111 130.410478 0 9 15 34 38 41 60 64 68 
209.286586 127.421781 131.622114 242 251 255 252.000000 128.000000 133.000000 127.741628 127.741628 128.962498 4 8 11 34 38 38 61 65 65 
174.312147 128.696652 111.674240 146 112 112 110.438596 132.736842 113.684211 127.631854 127.631854 124.287196 34 30 26 60 56 52 86 82 79 
168.504521 128.321790 110.786186 38 30 34 30.631579 132.614035 122.438596 129.062305 129.062305 124.492098 26 22 22 52 49 49 86 79 75 
161.736052 128.390019 107.460736 43 34 36 55.550000 130.400000 122.666667 128.610217 128.610217 129.824104 24 28 32 51 54 58 84 88 92 
160.441368 128.666602 109.569833 13 13 21 15.228070 131.210526 129.736842 128.509412 128.509412 131.625108 21 28 32 47 55 59 77 85 89 
164.165536 129.243779 110.099461 68 49 45 61.333333 132.440476 117.345238 128.989864 128.989864 130.744125 0 8 15 34 38 42 60 64 68 
143.843757 128.773400 107.360792 54 43 39 44.988095 129.309524 121.654762 128.836573 128.836573 130.881295 28 35 39 69 65 65 102 104 104 
163.240826 128.775747 108.542345 34 26 34 44.387500 132.550000 124.737500 130.004595 130.004595 127.712244 19 22 30 64 56 56 90 82 82 
157.313982 128.422370 106.928057 45 34 36 36.983333 131.516667 122.150000 129.445815 129.445815 130.084215 0 8 15 34 38 42 60 64 68 
178.604520 128.626826 113.703832 58 41 34 60.250000 130.200000 119.266667 126.688742 126.688742 126.359635 49 45 41 75 71 68 8 11 15 
169.545181 128.287240 109.212515 64 49 45 51.900000 130.675000 118.487500 128.329249 128.329249 128.072410 30 32 34 64 60 60 90 86 86 
166.504941 127.380583 109.917516 41 34 38 50.102273 131.681818 122.840909 128.950269 128.950269 130.102563 26 30 34 52 56 60 84 86 86 
166.376320 128.210607 109.196626 49 34 38 45.800000 133.137500 120.400000 130.718679 130.718679 130.704365 19 22 30 45 49 56 75 79 82 
152.541493 128.594197 108.419313 45 38 38 36.074074 130.518519 123.388889 130.967196 130.967196 125.715216 41 34 38 68 60 64 96 94 101 
144.562264 128.440998 108.459800 22 22 30 25.771930 133.333333 129.491228 127.628648 127.628648 123.691483 45 41 41 75 71 68 109 101 94 
162.984350 129.046609 107.834398 26 22 28 50.350877 131.964912 123.684211 127.771725 127.771725 127.514763 30 34 34 68 64 60 98 94 86 
164.789928 129.652649 107.751901 71 52 45 51.350877 131.701754 115.771930 130.191916 130.191916 128.464189 41 45 49 15 11 19 68 71 75 
175.056933 127.585418 110.017328 59 36 36 84.112500 133.162500 118.225000 129.053362 129.053362 128.539899 28 32 36 55 59 62 102 93 89 
171.513575 128.572705 109.417400 71 56 52 55.000000 131.516667 117.150000 129.849654 129.849654 131.636817 26 30 38 52 60 64 82 88 94 
153.277626 130.063835 108.092609 46 30 29 43.392157 131.196078 116.882353 126.856447 126.856447 124.896706 61 57 53 88 84 80 23 27 27 
165.088096 129.857366 108.033410 38 27 30 24.100000 132.100000 121.583333 129.744741 129.744741 129.880262 15 19 27 46 49 53 72 76 78 
160.517808 129.957683 108.435794 41 34 38 45.316667 131.183333 124.350000 127.646983 127.646983 128.772982 26 30 30 52 56 56 86 82 81 
170.236628 129.579501 110.011647 36 28 36 43.600000 133.566667 124.283333 129.273746 129.273746 130.502091 25 28 32 51 55 59 79 83 85 
153.037335 130.168242 106.637798 41 30 34 42.937500 131.750000 122.200000 129.564843 129.564843 130.087779 0 11 17 38 41 45 64 68 71 
158.129143 129.597841 106.597240 56 45 41 71.437500 130.987500 117.675000 128.491383 128.491383 132.016223 30 38 41 56 64 68 90 98 101 
154.704796 128.605189 110.693290 59 59 52 68.829545 124.829545 125.727273 128.129133 128.129133 130.252302 41 44 48 0 13 18 70 74 74 
172.414227 127.648383 110.138254 54 38 38 49.000000 132.052632 118.157895 128.634329 128.634329 129.728320 26 30 34 52 56 60 90 94 94 
150.865109 127.009527 108.513458 38 34 34 37.518519 129.592593 125.370370 127.349869 127.349869 128.681150 30 34 34 57 61 61 89 91 88 
161.213935 127.421741 107.418529 67 55 49 69.383333 127.766667 119.466667 127.499503 127.499503 126.868845 38 42 42 76 72 69 103 107 99 
167.898853 125.411415 114.135943 98 101 105 108.789474 127.315789 131.140351 126.329340 126.329340 123.862258 64 60 56 94 90 82 124 120 109 
155.167860 126.048498 108.803972 41 37 45 43.875000 131.925000 126.850000 130.228991 130.228991 132.403430 34 37 45 60 67 71 4 9 19 
159.685032 124.860563 107.435552 33 27 33 33.518519 131.888889 124.296296 129.010003 129.010003 128.425438 29 33 37 68 64 64 97 95 95 
170.573174 127.588361 109.101551 73 58 60 102.052632 132.526316 118.964912 127.926830 127.926830 128.520892 51 55 55 76 80 80 25 24 29 
165.953455 126.112467 109.905268 47 38 40 52.140351 131.596491 121.192982 129.175847 129.175847 129.767210 36 40 43 6 9 17 62 66 70 
165.770788 126.814308 108.984602 69 54 50 65.083333 129.750000 118.766667 127.878729 127.878729 125.699278 61 58 58 91 87 84 28 32 32 
156.300179 127.229760 106.290630 44 40 44 43.555556 130.981481 126.407407 127.953245 127.953245 130.963378 29 36 40 63 67 67 221 226 223 
169.244291 127.098199 109.795600 61 50 47 59.983333 129.850000 118.366667 128.279439 128.279439 128.580415 35 39 43 73 69 69 102 101 95 
161.540380 127.296796 109.415167 66 54 54 64.649123 130.473684 120.929825 125.770614 125.770614 120.869440 36 39 43 118 99 77 148 129 103 
162.756859 126.973925 106.526977 65 55 53 57.793651 130.142857 120.920635 129.123893 129.123893 132.399558 27 34 42 57 65 69 84 91 95 
170.763793 126.388756 110.039240 62 51 47 69.100000 130.387500 118.800000 127.956340 127.956340 129.009817 31 35 39 62 66 66 90 93 91 
162.230110 124.522534 109.012591 51 43 47 76.137500 130.712500 123.812500 129.250000 129.250000 130.501419 28 36 43 62 66 69 99 103 103 
167.028156 125.786306 111.034814 58 51 55 66.700000 130.766667 123.233333 127.887831 127.887831 123.729443 73 69 66 44 40 40 117 102 91 
168.863687 126.149952 108.069532 59 52 52 56.733333 130.083333 122.633333 128.240102 128.240102 128.982197 44 48 52 18 22 26 70 74 78 
150.269877 128.175642 104.819909 43 39 39 54.616667 129.150000 125.166667 128.058165 128.058165 131.776693 32 39 43 61 65 69 2 9 17 
154.899393 125.773877 107.443555 74 59 52 63.787500 129.500000 117.475000 129.657361 129.657361 132.048692 37 41 48 4 11 22 67 70 74 
174.478896 127.066442 110.164152 74 59 55 79.857143 130.154762 119.738095 129.671725 129.671725 132.437200 26 33 41 55 63 67 89 92 92 
173.213346 126.101278 111.185198 77 66 58 90.200000 128.387500 121.000000 128.786415 128.786415 130.909261 31 35 39 62 66 66 91 93 93 
166.254102 128.825796 109.637324 78 63 52 87.033333 129.300000 120.450000 129.207085 129.207085 125.642325 55 52 52 81 78 78 18 20 26 
165.790701 129.341996 107.846344 50 39 41 43.500000 131.450000 121.362500 129.150576 129.150576 132.133458 28 35 39 54 61 65 86 95 97 
162.542638 128.955793 108.624550 44 37 44 73.333333 132.315789 124.631579 129.000919 129.000919 130.719390 11 15 22 41 44 48 81 78 74 
151.200909 129.063561 107.799516 30 22 30 51.933333 132.300000 125.766667 129.161471 129.161471 132.184126 19 26 34 48 56 60 74 82 86 
159.084349 128.720148 108.656547 76 61 50 67.083333 127.250000 118.773810 128.218509 128.218509 132.121625 28 35 39 54 61 65 79 87 91 
151.589225 131.595120 106.853653 43 43 47 101.387500 131.012500 125.562500 127.825146 127.825146 133.237273 32 43 47 62 69 73 2 9 17 
173.231535 128.776414 111.245055 60 45 45 47.845238 131.797619 118.642857 128.351112 128.351112 124.973053 41 38 38 75 68 64 105 101 101 
167.417797 127.977432 109.113452 34 30 34 47.511364 132.238636 125.897727 135.854052 135.854052 117.500780 34 30 38 68 60 64 128 87 91 
166.316357 130.391705 108.920480 74 86 86 114.062500 126.687500 133.587500 121.007810 121.007810 116.178249 123 108 78 97 82 52 56 48 19 
178.991075 130.525054 109.949949 87 95 91 97.491228 125.807018 132.052632 127.149627 127.149627 125.619645 43 39 35 80 73 61 172 1 86 
172.353417 128.607096 111.626462 76 87 87 99.340909 123.988636 131.897727 123.441350 123.441350 118.691469 91 87 69 117 113 95 66 58 44 
168.231050 128.454545 109.370270 74 71 48 78.912500 121.162500 124.637500 124.299368 124.299368 121.484087 71 63 48 97 89 74 37 30 19 
169.652544 127.638937 110.865338 61 50 39 47.512500 127.137500 121.325000 127.698667 127.698667 127.975642 32 35 35 73 69 61 117 99 87 
176.292305 129.640271 109.408303 72 60 45 63.298246 125.052632 120.087719 127.171286 127.171286 124.535513 49 45 42 23 19 15 79 72 68 
173.995842 130.378737 110.912603 82 101 109 102.925926 128.203704 138.703704 123.818207 123.818207 121.839254 90 82 68 64 56 41 124 116 94 
165.661440 129.521637 109.392806 62 73 73 84.750000 125.291667 133.347222 124.805539 124.805539 124.629713 28 24 17 58 54 43 84 81 69 
146.483243 128.942896 113.549172 49 38 26 42.222222 126.851852 120.444444 124.630173 124.630173 123.842687 64 60 49 34 30 23 91 87 76 
164.932988 129.885191 110.017443 41 54 67 70.026316 131.250000 138.421053 124.984630 124.984630 125.975952 43 45 41 82 78 67 115 104 93 
166.998176 128.759684 113.743805 76 96 110 115.833333 129.533333 139.750000 123.853344 123.853344 120.595068 74 67 56 118 107 81 16 20 24 
169.003903 126.783607 112.045767 84 91 88 92.000000 125.381579 131.894737 126.796993 126.796993 127.448841 23 27 27 61 57 53 99 91 86 
166.943226 127.306222 111.343228 85 92 81 91.385965 122.982456 129.964912 131.239763 131.239763 117.785554 37 30 33 89 67 59 129 111 103 
172.959043 127.553442 112.235945 100 111 111 107.387500 126.900000 135.112500 125.621079 125.621079 125.152457 74 70 63 48 44 37 103 100 89 
162.024900 129.984658 111.711233 63 56 45 64.483333 127.166667 122.066667 125.213838 125.213838 121.574013 52 48 45 22 19 19 89 82 71 
170.376998 128.948850 109.041631 80 91 93 95.026316 127.723684 135.434211 125.453274 125.453274 122.393847 42 38 34 88 80 69 122 114 95 
158.996758 129.508529 109.037248 69 65 50 69.238095 124.076190 123.057143 125.034844 125.034844 123.333992 58 54 47 95 87 73 125 117 99 
167.706754 128.419886 107.654372 64 53 45 66.491228 129.263158 120.596491 129.380712 129.380712 130.804206 26 30 34 53 57 60 83 85 85 
168.556121 128.703942 110.783930 72 83 85 88.275000 126.287500 133.537500 125.955298 125.955298 124.128709 63 59 52 33 30 26 100 89 78 
166.122875 128.992931 107.838659 56 71 82 82.605263 130.131579 136.881579 126.957039 126.957039 126.308243 41 38 34 71 68 60 116 124 111 
176.187036 127.383410 110.919721 74 63 45 58.650000 124.587500 118.812500 126.188910 126.188910 121.928523 52 45 37 82 74 63 108 99 89 
169.281695 127.635407 109.490807 68 71 73 94.537500 124.825000 131.275000 127.876104 127.876104 127.699364 0 8 15 60 56 52 90 86 82 
170.322883 128.732755 110.275627 60 71 75 87.700000 127.350000 135.300000 125.575902 125.575902 124.026177 60 56 49 98 90 75 124 116 101 
156.656379 127.211762 106.745843 60 79 87 91.652778 128.388889 136.736111 127.367710 127.367710 127.697623 42 40 38 68 66 64 111 117 106 
148.508313 130.122263 104.788259 59 44 38 102.928571 132.380952 123.726190 127.079648 127.079648 127.971796 21 25 25 59 55 51 84 86 78 
168.398147 128.436031 109.850949 52 41 38 43.275000 129.587500 121.275000 126.479795 126.479795 126.322135 56 52 45 82 79 71 109 116 112 
153.749939 132.118587 107.536822 62 70 76 80.210526 128.333333 133.684211 124.756195 124.756195 125.377378 62 59 47 89 85 74 17 21 21 
164.849138 128.315565 108.483350 79 94 101 111.500000 128.000000 137.592593 126.695168 126.695168 122.893977 71 60 45 22 19 19 98 86 75 
182.978389 128.789005 111.989696 76 60 42 66.263158 125.421053 117.473684 126.948354 126.948354 125.783618 49 45 42 76 72 68 13 15 15 
174.494658 131.922379 107.299131 60 64 62 107.512500 127.837500 128.137500 126.696040 126.696040 127.988741 15 19 22 45 49 49 73 79 75 
166.796465 128.522642 110.531315 94 94 75 88.875000 121.187500 123.400000 127.539655 127.539655 126.516547 64 60 52 19 22 26 109 94 79 
157.564225 129.720461 108.466375 36 30 32 32.236842 130.368421 125.486842 127.680649 127.680649 129.986434 17 21 25 47 51 51 89 87 85 
158.979980 126.644154 109.832297 54 61 67 73.716667 127.966667 133.450000 127.059887 127.059887 129.345200 32 35 35 63 65 61 99 97 87 
158.404385 129.882411 108.053103 60 79 90 84.784314 129.274510 140.078431 125.448510 125.448510 121.053200 41 34 22 68 60 49 98 90 79 
171.987835 127.725649 111.354342 49 45 49 104.275000 131.325000 131.712500 128.173218 128.173218 128.481125 22 26 30 64 60 56 90 88 82 
157.295081 129.541571 109.453093 81 96 100 103.250000 127.416667 136.972222 124.718977 124.718977 122.185377 103 100 89 67 63 55 129 126 115 
168.191735 127.514665 113.295618 55 48 43 62.315789 130.302632 123.894737 126.126839 126.126839 123.888415 55 52 48 85 81 74 30 26 22 
166.553163 128.279896 111.153659 42 30 34 33.012500 132.925000 121.425000 128.779550 128.779550 128.505439 26 30 34 53 57 60 79 83 87 
174.816075 128.893938 110.766726 82 60 41 58.075000 129.450000 111.337500 128.230059 128.230059 127.411599 19 22 26 60 56 52 86 82 79 
176.902195 128.410683 110.949258 155 124 126 114.350000 133.062500 115.250000 126.262068 126.262068 121.689632 96 85 70 52 48 41 122 115 103 
173.268603 129.458737 110.452103 68 47 41 53.812500 130.937500 115.337500 127.535307 127.535307 128.476649 26 30 30 52 56 56 79 82 82 
178.983438 129.691955 111.496914 72 60 53 69.351852 127.740741 120.314815 127.870296 127.870296 129.175509 23 26 26 49 53 53 76 83 83 
182.000860 129.206981 114.742271 71 71 74 86.262500 128.162500 129.087500 126.999702 126.999702 117.844148 96 85 74 71 56 45 128 114 99 
170.553406 125.972795 112.016355 62 62 66 79.725000 130.125000 126.387500 127.155937 127.155937 127.330963 76 73 69 40 44 44 106 102 95 
174.490362 128.450825 110.850040 69 73 84 93.824561 131.175439 131.649123 126.651631 126.651631 122.406939 87 80 73 55 51 47 117 109 98 
180.394025 128.737590 111.031698 89 93 89 104.806818 126.170455 126.988636 127.807818 127.807818 129.960585 30 34 34 56 60 60 82 86 86 
177.912641 129.222467 112.738296 64 68 79 95.857143 130.440476 132.226190 127.344982 127.344982 120.251023 83 76 68 53 45 42 117 106 94 
172.828732 129.864328 112.567585 90 98 101 101.148148 131.018519 125.518519 128.267979 128.267979 126.646251 0 11 15 38 41 41 64 68 68 
182.328941 129.842943 110.313507 64 68 75 85.125000 130.375000 130.362500 127.408221 127.408221 124.712425 56 52 49 82 79 75 30 26 22 
182.987532 129.825685 111.894675 52 60 75 94.416667 134.428571 130.702381 126.310045 126.310045 121.147331 112 101 90 79 71 64 139 131 120 
178.096787 129.790265 112.739401 70 52 44 74.225000 131.500000 117.937500 125.852528 125.852528 120.889762 0 11 18 85 74 59 118 107 89 
174.532240 130.558633 111.975000 73 66 62 75.511364 128.386364 122.204545 126.537909 126.537909 123.481980 91 87 80 62 58 55 117 113 106 
175.014984 129.179519 111.551117 98 102 98 107.555556 126.523810 129.095238 126.537506 126.537506 123.726264 73 69 62 33 29 26 98 95 91 
174.605187 128.943191 109.690180 69 45 34 50.133333 131.566667 112.533333 130.035516 130.035516 126.429985 8 9 15 49 41 41 75 68 68 
166.244981 129.337442 108.218914 62 68 68 128.025000 130.562500 127.625000 128.285020 128.285020 127.892460 26 30 34 64 60 60 90 86 86 
168.497933 127.954184 111.048523 91 99 101 109.637500 127.762500 131.437500 128.912821 128.912821 115.908472 80 58 47 114 91 73 35 24 20 
167.441973 128.797876 109.487808 108 117 119 109.719298 127.877193 132.982456 127.308122 127.308122 124.805871 48 45 41 82 74 67 108 104 97 
178.952352 129.381815 113.009064 82 79 71 83.987500 126.150000 123.550000 128.171310 128.171310 129.172999 26 30 34 56 60 60 84 86 86 
188.012887 129.569072 112.206691 85 89 93 99.180556 128.805556 130.125000 126.785926 126.785926 119.498216 96 85 74 62 55 47 123 111 100 
163.601038 128.960319 108.991777 89 82 78 110.272727 128.984848 124.530303 128.895669 128.895669 128.434095 26 30 34 63 60 60 89 93 97 
185.748129 128.716972 112.301333 65 61 61 82.535714 127.083333 123.773810 129.005713 129.005713 125.458827 46 42 42 80 72 69 15 13 17 
184.660557 128.132992 114.931519 71 60 52 66.368421 129.035088 118.508772 133.379707 133.379707 115.030138 60 38 34 90 64 60 128 101 90 
182.587260 130.665522 111.938895 69 46 36 56.298246 131.561404 112.298246 127.936818 127.936818 127.030037 59 63 63 33 36 36 86 90 90 
171.809116 129.545183 111.731366 84 103 99 107.017544 124.456140 137.175439 122.475531 122.475531 130.677160 57 69 61 84 99 91 30 34 27 
183.902751 128.659667 114.694133 60 45 45 50.105263 131.407895 119.697368 127.721813 127.721813 114.940340 120 101 82 71 56 49 41 26 22 
172.783660 129.430631 108.680859 64 45 38 46.612500 130.662500 117.312500 127.160878 127.160878 125.826261 68 64 60 94 90 86 41 38 34 
184.507914 129.819994 110.028226 168 168 172 158.380952 130.940476 127.988095 128.673409 128.673409 126.692528 51 47 47 77 74 74 19 17 21 
181.251607 129.590783 112.294820 65 53 46 56.966667 128.733333 120.183333 127.685947 127.685947 124.168755 57 53 49 84 80 76 27 23 23 
175.925396 130.592431 113.976871 104 113 117 111.000000 129.625000 132.000000 126.432179 126.432179 121.792701 113 106 95 73 69 66 47 44 40 
173.709458 129.013044 109.652107 68 56 49 61.634921 128.984127 118.777778 128.136574 128.136574 127.964598 0 9 15 60 56 56 86 82 82 
175.487368 130.362574 111.837587 79 90 101 101.650000 130.487500 135.450000 126.887298 126.887298 117.596747 124 109 94 98 82 68 60 49 41 
184.687537 129.699287 113.413558 76 80 84 93.197368 128.671053 131.000000 126.928600 126.928600 120.432198 65 57 49 91 84 76 38 30 23 
167.270510 126.339497 108.377556 68 49 41 55.112500 129.012500 116.662500 141.349632 141.349632 104.483016 95 53 53 68 6 25 146 88 91 
170.624648 128.822561 111.079067 84 87 87 87.456140 128.491228 128.666667 127.981856 127.981856 128.188645 40 44 44 66 69 69 91 95 95 
181.759615 130.366986 114.846488 82 86 90 101.050000 129.233333 130.666667 126.256379 126.256379 120.656670 71 67 59 102 94 86 44 40 33 
170.289385 129.170066 111.622103 79 64 57 67.000000 129.403509 119.666667 127.626883 127.626883 121.501546 61 53 50 97 86 75 28 24 24 
172.783520 129.184776 110.071732 38 26 30 39.508772 132.736842 121.070175 129.332184 129.332184 132.214978 15 22 30 45 52 56 71 79 81 
148.092510 128.752294 110.139931 36 28 34 39.712500 133.062500 123.600000 129.045394 129.045394 131.334525 21 28 32 51 55 59 77 81 85 
158.382510 132.906459 107.520626 63 48 45 53.066667 130.050000 118.000000 127.322132 127.322132 129.258636 0 11 19 41 45 45 67 71 71 
178.359061 129.109108 109.681488 74 53 43 64.062500 130.687500 116.050000 127.836599 127.836599 128.380564 25 28 28 51 55 55 83 81 81 
172.721861 128.937146 110.039653 62 60 68 92.000000 131.202381 126.976190 127.911184 127.911184 127.113634 52 49 49 15 19 22 79 75 75 
184.656536 130.956985 115.098669 85 92 102 111.016667 130.366667 135.500000 127.572575 127.572575 118.951131 118 103 92 85 70 67 144 129 118 
169.956457 129.159568 109.551258 86 101 101 124.716667 124.350000 136.183333 126.213811 126.213811 133.634678 38 45 45 0 8 15 68 75 71 
164.128861 129.186306 107.470269 71 56 51 73.416667 130.369048 119.797619 130.293504 130.293504 131.146784 22 26 34 52 56 60 79 82 86 
186.168435 129.761232 112.714617 77 62 49 83.683333 126.416667 118.183333 126.855472 126.855472 123.967037 79 72 64 45 42 38 110 98 91 
183.894372 130.210871 111.554480 76 53 49 65.250000 131.966667 114.833333 127.868124 127.868124 126.995466 45 41 37 72 68 64 14 10 10 
180.235296 126.183043 109.753151 48 34 32 90.869048 131.547619 123.666667 127.965433 127.965433 128.958380 28 32 36 60 64 64 104 96 92 
177.836951 128.951505 110.147756 60 64 71 101.777778 130.851852 130.555556 128.212006 128.212006 126.933763 49 52 52 19 22 26 105 98 94 
167.810400 128.071351 108.788738 84 95 91 111.947368 124.456140 133.912281 126.154282 126.154282 136.056848 27 42 46 53 76 80 84 107 110 
184.128019 128.807700 112.237925 94 100 100 108.312500 126.687500 130.512500 127.533516 127.533516 123.964163 62 59 55 96 89 81 36 32 28 
