skin_L skin_A skin_B eye_r eye_g eye_b eye_L eye_A eye_B hair_L hair_A hair_B hair_r1 hair_g1 hair_b1 hair_r2 hair_g2 hair_b2 hair_r3 hair_g3 hair_b3
174.974319 125.339476 110.918871 62 47 43 60.861111 130.222222 116.916667 129.075700 129.075700 131.182245 39 43 47 6 9 17 66 69 73 
175.559274 127.331923 109.878298 70 51 47 52.372549 131.549020 115.764706 129.390840 129.390840 127.003031 47 43 43 6 9 17 74 70 70 
162.513137 128.526988 109.411374 39 35 39 37.675000 129.937500 126.075000 128.053474 128.053474 130.635818 24 32 35 50 58 61 76 84 87 
176.466552 126.413404 108.656202 49 38 41 38.791667 132.236111 121.819444 130.616790 130.616790 131.152672 22 26 34 49 52 60 79 82 86 
173.520636 127.893969 111.919884 52 41 41 40.986111 130.805556 122.361111 128.594533 128.594533 128.131977 30 34 38 56 60 64 124 101 90 
167.467042 126.457580 111.529707 69 46 42 52.416667 131.027778 115.638889 128.467905 128.467905 130.336137 27 30 34 53 57 61 80 88 88 
179.127802 129.032553 110.920832 42 30 30 32.611111 130.925926 119.481481 128.598701 128.598701 130.252213 8 11 15 34 38 42 61 65 67 
145.960726 129.438782 105.096707 64 49 49 48.250000 131.684211 118.065789 129.439940 129.439940 130.939704 0 11 17 38 41 45 64 68 71 
140.363039 129.175903 107.391014 64 49 41 49.666667 129.902778 117.902778 129.164481 129.164481 126.760488 30 34 38 60 64 68 90 94 98 
149.321947 127.458606 109.292209 41 38 41 37.763889 131.569444 126.361111 128.510439 128.510439 124.708729 41 38 38 75 68 64 101 98 94 
144.598092 129.272057 105.388470 38 34 38 35.315789 130.565789 126.197368 128.342433 128.342433 131.612985 26 30 34 52 56 60 79 82 86 
159.687049 128.729541 107.850943 52 36 36 42.687500 131.729167 118.187500 128.827569 128.827569 127.122725 29 33 36 56 59 63 82 86 90 
162.222431 128.559997 109.649681 53 43 43 122.652632 131.021053 121.589474 128.717455 128.717455 126.715916 28 32 36 55 59 62 108 96 89 
181.689332 128.157016 112.807567 42 38 38 43.176471 128.882353 124.882353 126.411662 126.411662 131.215491 27 35 35 73 69 61 104 96 88 
181.615999 126.994785 113.490539 54 42 42 42.458333 131.437500 119.875000 128.662756 128.662756 129.203076 35 38 42 65 69 69 92 96 96 
174.104504 127.960550 110.686500 30 27 34 30.352941 132.666667 125.901961 129.553014 129.553014 131.669642 30 34 42 57 65 69 4 8 15 
168.828679 127.947846 109.958422 49 41 41 47.537037 130.759259 121.259259 129.136147 129.136147 132.867138 38 41 49 64 71 75 11 15 22 
178.435011 127.852247 112.540145 73 65 57 60.105263 127.947368 121.403509 128.020249 128.020249 126.281380 57 55 53 105 93 85 22 24 26 
154.978166 129.024199 109.229619 41 38 41 40.018519 130.925926 126.240741 127.924995 127.924995 128.929934 52 54 56 79 84 86 22 26 30 
167.642221 128.617190 112.175740 42 34 38 40.500000 131.981481 122.925926 128.931840 128.931840 127.605840 38 42 46 2 8 15 65 69 72 
151.605479 129.542403 108.320843 38 30 38 42.722222 132.537037 124.759259 129.026795 129.026795 127.634008 38 42 46 65 69 72 95 99 99 
172.320798 128.898392 110.145636 50 39 35 37.481481 129.851852 121.000000 127.456072 127.456072 125.525977 31 35 35 70 66 62 6 4 8 
173.364184 127.378671 112.266606 49 39 43 35.796296 133.370370 122.537037 128.616991 128.616991 126.356152 35 39 43 97 82 70 8 4 12 
166.815383 126.384134 110.571816 47 41 47 47.450980 131.450980 124.470588 127.831774 127.831774 125.821469 73 69 65 35 39 39 99 95 91 
171.295561 126.988634 113.146362 34 34 36 35.916667 129.395833 127.166667 127.413512 127.413512 133.367362 19 30 34 52 60 60 82 94 90 
177.040655 126.827086 112.939952 34 30 38 38.803922 132.098039 125.470588 129.082910 129.082910 128.813351 45 49 53 72 76 79 15 19 26 
163.902604 126.940174 110.126458 34 30 34 35.796296 130.407407 125.796296 128.538416 128.538416 131.045650 34 38 42 0 8 15 60 64 68 
159.600525 126.395999 109.982964 54 51 54 53.430556 130.791667 126.250000 129.407792 129.407792 131.366450 34 43 51 60 69 76 9 14 25 
176.818640 124.729443 111.555190 45 41 45 44.105263 131.122807 126.140351 128.440153 128.440153 128.886572 41 45 48 67 71 74 7 11 19 
158.590361 125.501806 110.590187 45 38 42 40.462500 131.887500 123.462500 129.572719 129.572719 130.872539 30 34 42 60 64 68 87 94 94 
171.339927 124.898632 110.614909 52 45 45 44.694444 130.597222 122.777778 128.510158 128.510158 129.078305 34 38 41 60 64 68 109 101 94 
169.043884 126.756502 109.515334 58 43 39 43.875000 130.055556 118.611111 129.105383 129.105383 124.357715 39 35 35 78 66 62 105 97 93 
161.659057 127.676156 107.286370 52 43 44 49.111111 131.222222 121.111111 128.910542 128.910542 131.539505 44 48 52 70 74 78 103 107 107 
175.236993 125.399108 111.562521 41 37 39 44.649123 130.052632 124.421053 127.974998 127.974998 127.137269 42 44 44 78 74 70 15 11 18 
172.623221 126.219040 108.247974 38 34 38 38.055556 131.592593 125.148148 129.110759 129.110759 132.423231 23 29 34 49 57 61 84 91 91 
170.457365 125.790122 108.820193 81 66 58 62.000000 130.180556 115.625000 128.516198 128.516198 129.732978 35 39 42 66 70 70 93 100 100 
171.011972 125.118784 110.099083 51 40 40 44.352941 130.882353 119.897059 129.063939 129.063939 130.097781 28 32 36 66 62 62 96 93 89 
168.869323 124.775389 110.730166 58 47 47 47.944444 130.722222 122.388889 128.497574 128.497574 129.375421 35 39 43 61 65 69 91 95 95 
173.117149 126.157030 110.474157 54 39 39 39.527778 132.375000 119.527778 128.279888 128.279888 127.210974 31 35 39 73 70 66 127 116 104 
175.047918 126.253671 110.798325 69 54 50 59.722222 130.236111 119.166667 128.558140 128.558140 128.049551 35 39 43 61 65 69 6 9 17 
157.296980 127.429100 105.087127 56 45 41 53.680556 130.819444 119.833333 128.958913 128.958913 131.027411 34 38 41 60 64 68 90 94 94 
163.917191 125.919438 109.799036 63 50 48 60.087719 130.070175 119.877193 128.403837 128.403837 126.124062 37 41 44 78 74 70 103 100 96 
156.614521 127.252141 108.169237 41 38 41 41.611111 131.555556 125.611111 129.343519 129.343519 132.638485 38 41 49 64 71 75 11 15 22 
176.609573 126.272512 111.255200 60 52 52 53.633333 130.650000 122.016667 129.084749 129.084749 129.633826 45 49 52 71 75 79 15 19 26 
170.671890 126.556471 110.201219 45 38 41 41.960784 131.823529 124.333333 130.273906 130.273906 132.295970 30 34 41 56 60 68 82 90 94 
167.488352 127.496678 108.977941 66 55 55 60.583333 131.166667 122.111111 129.541421 129.541421 131.575008 28 32 40 59 62 66 85 93 96 
169.838141 125.776674 110.926827 54 41 41 52.098039 131.901961 119.156863 129.731260 129.731260 131.352657 30 34 41 56 60 68 94 101 105 
162.530300 127.355604 110.366252 43 40 43 44.066667 130.166667 126.783333 128.744223 128.744223 129.667213 36 40 43 2 9 17 62 66 70 
144.097381 127.153522 106.799681 52 45 45 48.111111 129.513889 123.277778 128.210810 128.210810 129.834986 49 52 56 22 26 30 75 79 82 
159.470404 127.174460 109.419602 49 41 41 44.828947 129.921053 123.605263 128.189002 128.189002 128.241069 45 47 49 82 79 75 109 105 105 
143.386329 128.642717 106.780465 49 41 41 49.703704 130.555556 122.370370 128.256927 128.256927 131.902569 34 41 45 64 68 71 8 11 19 
141.057420 128.558684 106.594827 26 26 38 36.152778 132.069444 128.680556 128.925708 128.925708 132.290945 26 34 41 60 64 68 86 94 98 
161.671887 129.031965 109.529638 55 39 43 41.671053 132.539474 119.118421 128.941403 128.941403 129.166457 35 39 43 90 78 70 117 105 95 
161.304587 127.860598 108.345608 56 49 49 50.882353 130.500000 122.911765 129.843871 129.843871 132.174344 34 38 45 60 64 71 90 98 101 
162.114195 127.998314 110.069027 55 47 47 49.868421 130.565789 122.578947 129.091459 129.091459 133.102363 25 32 40 55 62 66 85 96 100 
164.847599 127.216923 110.436263 40 36 47 44.458333 133.611111 127.875000 128.578971 128.578971 128.103998 40 43 47 66 70 74 111 108 100 
187.149258 127.641260 114.560255 46 38 42 40.098039 132.274510 123.431373 130.085047 130.085047 128.481466 34 36 42 61 63 69 91 95 95 
129.959081 128.101143 105.594683 31 31 39 32.222222 131.592593 130.018519 128.627827 128.627827 128.973237 17 24 31 64 61 57 94 90 83 
111.068970 129.248675 104.826826 49 34 34 32.686275 131.372549 119.392157 129.369123 129.369123 124.859378 49 41 41 90 75 68 8 11 15 
129.109115 128.661740 103.422319 15 8 15 23.513158 131.197368 125.986842 127.286278 127.286278 128.944239 15 19 22 49 52 52 75 82 79 
111.086167 129.018218 104.081269 42 30 30 31.881579 130.907895 120.039474 127.207548 127.207548 126.130637 26 30 30 106 79 60 136 149 138 
132.324550 128.354526 107.406014 30 22 22 20.148148 130.425926 122.333333 126.234415 126.234415 128.309735 18 22 22 59 55 48 85 92 89 
114.541175 127.576663 108.445651 11 8 15 7.289474 131.368421 127.105263 126.032273 126.032273 127.870458 26 30 30 52 60 56 90 94 86 
121.984077 127.363493 105.574827 56 41 34 48.736842 129.210526 116.701754 128.468547 128.468547 131.236522 34 38 41 60 64 68 90 98 94 
136.264704 128.173425 104.895394 34 26 30 32.351852 130.425926 124.351852 127.632744 127.632744 127.215428 22 26 30 64 60 56 94 90 82 
115.058026 128.536833 104.838878 19 12 19 12.625000 131.361111 125.541667 128.079636 128.079636 128.086101 35 38 42 0 4 12 69 73 73 
115.810583 128.914025 105.459061 23 27 30 29.907407 130.240741 130.740741 127.994542 127.994542 129.335304 38 42 42 88 76 69 8 11 15 
119.415192 129.116167 108.906397 38 27 27 41.375000 130.916667 122.944444 128.456143 128.456143 127.079990 23 27 30 61 59 57 99 95 88 
123.908696 128.051877 107.919612 23 19 27 21.105263 133.328947 127.105263 129.836417 129.836417 129.500507 42 46 53 15 19 23 69 72 80 
143.847174 127.654695 105.057877 53 36 30 36.960526 130.736842 116.473684 128.227495 128.227495 127.757289 23 27 30 49 53 57 95 91 84 
131.567861 127.407768 106.070980 26 22 30 19.759259 131.740741 126.796296 128.438451 128.438451 126.539889 26 30 34 56 60 60 82 90 86 
133.945590 127.450862 106.791914 65 48 42 52.411765 129.901961 117.529412 130.693565 130.693565 127.473920 8 11 19 42 38 46 76 72 72 
125.434937 127.869705 108.087274 67 52 44 65.250000 130.483333 119.283333 129.450262 129.450262 127.327086 33 37 44 96 81 70 122 115 111 
107.280877 129.458095 110.811883 39 24 22 25.833333 131.472222 118.041667 128.538823 128.538823 130.161924 38 45 52 0 8 15 71 75 79 
129.446659 128.400933 106.612566 41 41 49 61.175000 131.762500 128.762500 129.159584 129.159584 133.265371 26 34 41 56 64 68 86 98 101 
148.592022 128.118120 106.416195 43 32 32 35.629630 131.296296 121.981481 129.269283 129.269283 130.295329 17 25 32 51 55 59 77 81 85 
129.974037 128.506410 107.366606 60 41 30 53.018519 128.629630 114.740741 128.393042 128.393042 128.734152 30 34 37 93 74 63 123 104 89 
119.577827 127.676653 108.565516 46 38 38 36.912500 130.175000 123.987500 128.590126 128.590126 127.492951 27 30 34 61 65 65 88 95 95 
127.895938 127.656306 108.682011 43 34 36 36.375000 131.125000 123.225000 129.142114 129.142114 127.999522 28 32 36 81 70 62 108 100 89 
112.569749 127.675109 109.623137 40 29 29 31.259259 130.888889 121.537037 129.427937 129.427937 131.079144 13 21 29 48 51 55 82 89 86 
129.625278 127.384379 106.382133 32 25 28 24.305556 131.611111 123.916667 128.068554 128.068554 128.230328 21 25 28 74 62 55 100 96 89 
107.166473 127.923601 110.106931 27 27 35 26.430556 131.569444 129.263889 128.183771 128.183771 129.578486 19 23 27 46 50 54 108 93 81 
97.929214 129.421297 111.887325 29 25 33 23.568627 132.862745 126.784314 128.311714 128.311714 127.045348 25 29 33 56 59 59 92 94 90 
100.867833 129.512878 111.028586 27 23 27 23.861111 131.402778 125.416667 128.177291 128.177291 129.203507 19 23 27 50 54 54 93 100 97 
99.841189 129.421297 112.144199 27 27 31 26.750000 130.777778 129.277778 128.291348 128.291348 131.003439 23 27 31 50 54 58 81 85 85 
121.152876 129.415428 105.128478 30 30 34 41.723684 130.263158 128.263158 129.170006 129.170006 130.866533 30 34 38 57 61 65 91 95 95 
105.473787 129.443551 111.544429 27 27 34 28.180556 131.916667 129.277778 127.922619 127.922619 118.732858 49 38 30 91 72 57 118 99 84 
101.610557 128.948686 108.928506 23 19 27 29.552632 131.828947 128.013158 129.341116 129.341116 131.319382 19 23 27 46 50 54 77 84 84 
100.610868 129.132302 112.996998 27 19 23 18.555556 131.314815 124.888889 128.221001 128.221001 129.441598 19 23 27 81 85 77 50 54 52 
116.662616 127.583419 109.258018 23 19 27 20.862745 132.509804 128.000000 129.248349 129.248349 130.065145 15 19 27 65 61 58 104 96 84 
136.905872 128.120509 105.547612 30 27 34 30.490196 131.705882 127.294118 129.020268 129.020268 130.817191 34 38 42 0 8 17 72 76 76 
97.253702 129.087025 107.261179 23 19 21 27.888889 130.013889 124.708333 128.060050 128.060050 126.498769 12 15 19 54 50 46 92 84 73 
110.795031 129.032671 110.157262 38 30 34 32.280702 131.543860 124.877193 128.559381 128.559381 130.744801 30 34 38 57 61 65 0 8 13 
86.781896 129.544356 111.649789 19 15 19 22.578947 130.381579 126.947368 127.474455 127.474455 127.426797 15 19 23 69 57 49 95 99 91 
112.373604 128.292634 107.074891 17 13 17 11.118421 130.960526 127.578947 127.748662 127.748662 128.000184 17 21 25 47 51 51 77 81 76 
130.901638 127.528731 104.257775 34 22 22 27.166667 132.388889 119.148148 128.880385 128.880385 129.133598 34 38 41 64 68 68 8 11 15 
119.364231 126.994750 105.766645 19 17 22 14.986842 131.407895 126.973684 127.319424 127.319424 129.229969 22 26 30 52 60 56 86 98 90 
96.863349 129.067898 109.451199 23 19 23 16.930556 130.083333 127.666667 128.037725 128.037725 126.552291 31 27 27 65 58 54 96 100 92 
99.044427 129.565920 111.783149 31 21 23 22.018519 132.277778 120.759259 128.794065 128.794065 127.849979 17 19 23 54 50 50 85 81 81 
137.404723 127.105658 106.488180 30 27 34 28.184211 132.131579 128.473684 129.399770 129.399770 129.702985 15 19 27 46 49 53 80 84 84 
104.616205 128.211048 108.841896 15 19 27 28.861111 130.111111 129.638889 126.430299 126.430299 127.931759 46 49 49 72 76 76 15 19 23 
107.130612 128.759612 108.671390 46 34 34 33.294118 130.039216 122.176471 127.930915 127.930915 130.081968 42 46 46 8 15 19 84 88 80 
106.325487 128.580910 108.281914 15 15 23 14.684211 132.263158 129.184211 127.775562 127.775562 128.890813 23 27 30 53 57 57 95 99 91 
119.374566 128.277009 108.002618 38 30 34 51.868421 132.092105 128.473684 128.417958 128.417958 129.878248 34 38 41 75 71 68 101 103 98 
126.279540 128.733129 107.401248 32 23 23 24.745098 131.745098 121.274510 128.908170 128.908170 129.277465 8 15 23 46 49 49 72 76 76 
143.196621 128.751308 107.724056 60 49 38 61.911765 126.911765 121.205882 127.694941 127.694941 126.253132 38 41 45 64 68 71 90 98 98 
109.353067 129.672987 108.428245 30 26 30 26.486842 131.578947 127.539474 128.288837 128.288837 129.654396 30 34 38 56 60 64 82 90 90 
137.913548 128.125208 108.723475 39 39 43 45.026316 129.986842 128.236842 128.335292 128.335292 133.019317 35 43 47 61 69 73 6 13 20 
148.720077 129.544422 109.170015 79 86 90 89.614035 127.947368 130.982456 128.499813 128.499813 127.147838 30 34 38 68 64 64 112 98 90 
126.332930 128.045284 108.655225 31 33 39 34.456140 130.526316 129.754386 129.117089 129.117089 130.794674 33 37 41 59 63 67 89 92 92 
101.478184 130.092514 113.273543 50 39 39 38.947368 130.828947 121.828947 128.051564 128.051564 127.725831 35 39 42 100 85 77 0 6 12 
101.089608 129.996783 111.702074 34 30 34 33.388889 131.296296 126.037037 127.841275 127.841275 126.309282 46 49 49 72 76 76 99 103 101 
168.305846 128.295131 110.968485 34 38 38 40.368421 128.065789 129.092105 126.705453 126.705453 133.556654 23 34 38 49 61 65 80 91 95 
124.079664 129.242354 107.489003 36 36 40 35.650000 131.200000 127.150000 129.611457 129.611457 132.954403 25 32 40 55 62 66 85 93 93 
151.024590 129.382870 106.677675 19 19 28 21.240741 132.129630 128.481481 128.820052 128.820052 132.413996 34 41 45 0 9 15 60 68 71 
142.374788 128.349886 110.422322 47 41 45 43.539683 130.714286 125.396825 128.870630 128.870630 128.924069 34 38 41 79 71 68 112 101 94 
143.941622 127.788591 108.383716 84 76 66 90.535714 126.023810 123.690476 128.070991 128.070991 126.286002 58 55 51 84 80 76 22 18 25 
140.471491 127.980497 106.840903 59 44 44 49.425000 131.762500 120.125000 128.353640 128.353640 127.816625 30 33 37 70 67 63 103 96 89 
131.094368 128.118111 107.570685 37 37 44 40.855263 130.736842 129.263158 127.907496 127.907496 129.879131 26 33 37 59 63 63 85 89 89 
114.822820 128.949697 108.923287 122 92 67 104.037500 124.350000 112.112500 128.528026 128.528026 129.139772 44 48 52 0 11 20 74 78 78 
105.659389 127.821270 113.320523 36 36 40 38.409524 129.257143 129.571429 127.766213 127.766213 127.120954 36 40 40 6 9 15 81 74 66 
142.984235 126.547235 106.004668 45 38 41 39.722222 130.902778 123.888889 129.191156 129.191156 131.203346 41 45 49 11 15 22 71 75 75 
129.662004 127.265561 105.636512 52 44 44 48.100000 129.637500 124.275000 127.921294 127.921294 127.437369 37 41 41 74 70 67 103 100 92 
95.294306 128.728162 110.263907 36 34 36 35.845238 129.583333 127.750000 128.613589 128.613589 132.110124 24 32 36 54 58 62 84 92 88 
97.859275 129.330879 112.467651 38 34 38 36.171053 130.907895 125.894737 128.443691 128.443691 131.016834 27 30 34 57 61 61 84 88 88 
97.959568 129.595547 111.114445 46 35 35 46.518519 130.370370 119.962963 127.093325 127.093325 126.873104 39 42 42 100 85 73 12 17 17 
116.341496 126.740710 109.626099 48 45 45 50.375000 129.487500 125.925000 127.864825 127.864825 130.757898 34 41 45 63 71 71 89 97 97 
123.717719 126.859018 106.273584 25 27 33 29.095238 130.595238 130.214286 127.642604 127.642604 131.810264 27 35 39 58 66 66 89 97 93 
117.539932 128.632906 107.798764 30 33 41 34.012500 130.837500 131.100000 128.745645 128.745645 130.379339 37 41 44 0 11 18 67 70 70 
104.870215 131.598320 112.132710 44 40 44 43.175439 129.947368 126.719298 127.395039 127.395039 130.889714 44 52 56 94 86 82 17 25 29 
109.593166 128.717927 108.187534 29 29 35 29.403509 131.210526 128.789474 127.946977 127.946977 129.417514 29 33 36 59 63 63 86 90 88 
132.366362 127.303831 105.169337 52 41 37 47.587500 129.212500 119.662500 128.302426 128.302426 129.466058 4 11 19 41 45 45 67 71 71 
93.181292 129.189727 114.167486 38 34 38 32.964912 129.929825 126.649123 127.398144 127.398144 128.228337 34 38 38 91 76 65 122 120 116 
126.242667 127.871924 107.102159 53 46 50 51.425000 130.075000 125.750000 128.839274 128.839274 132.549437 28 35 42 57 64 68 83 90 94 
97.817783 128.563352 112.759921 40 34 34 38.881579 129.394737 124.644737 128.139134 128.139134 129.366766 26 30 34 62 64 60 89 91 87 
119.487954 128.968043 108.197974 70 55 52 62.800000 129.450000 119.650000 126.941377 126.941377 127.104049 41 44 44 81 78 70 107 103 96 
95.797897 129.442489 111.901863 39 33 35 33.777778 129.944444 123.791667 126.251891 126.251891 123.383725 47 43 35 98 78 63 12 10 8 
121.683411 128.635350 106.460254 30 34 39 35.870370 129.925926 131.222222 128.613539 128.613539 130.258325 45 48 48 4 11 19 71 74 74 
116.139392 127.146189 108.088851 38 38 41 39.462500 128.862500 128.712500 127.573139 127.573139 132.094244 30 38 41 60 68 68 86 98 94 
119.520237 127.881481 110.240676 52 41 41 55.500000 130.733333 122.433333 125.104742 125.104742 116.673800 100 81 59 129 111 89 55 44 33 
122.426520 127.622202 105.949969 55 44 41 49.733333 129.350000 121.133333 128.487803 128.487803 132.758770 37 44 48 7 15 22 70 78 78 
153.528185 126.507072 109.073361 47 43 50 52.152778 132.013889 127.458333 127.184463 127.184463 123.986001 47 50 54 75 79 79 126 119 104 
128.517125 129.141574 108.558031 45 38 45 41.226190 132.809524 126.666667 130.116539 130.116539 131.972540 22 30 38 56 60 64 86 90 94 
121.573519 128.405019 109.215447 47 43 43 44.210526 129.868421 125.434211 128.600148 128.600148 132.644997 24 32 36 51 58 62 81 88 88 
113.435536 128.263558 108.350958 41 41 44 41.462500 129.712500 127.787500 128.293062 128.293062 131.377150 30 37 41 63 67 67 89 92 92 
151.258127 126.417153 110.464359 91 84 77 84.875000 127.125000 122.450000 130.016057 130.016057 131.097623 31 42 52 80 77 77 115 112 108 
137.888747 128.368022 107.630179 36 36 40 38.462500 130.112500 128.262500 128.478541 128.478541 131.360398 40 43 47 2 9 17 66 70 72 
118.240224 128.774791 109.982931 42 34 42 37.869048 131.869048 125.702381 128.363947 128.363947 127.369629 30 34 38 80 72 65 107 99 91 
131.844826 129.147889 106.866003 47 43 47 49.904762 130.904762 126.607143 128.818811 128.818811 132.304457 43 50 54 17 20 28 69 76 80 
140.373044 129.155397 105.986387 49 45 45 50.607143 129.559524 124.297619 129.128228 129.128228 131.396953 38 41 45 64 68 71 8 11 19 
122.953240 129.529995 110.466590 36 36 43 40.105263 131.894737 128.421053 128.807749 128.807749 130.484491 40 47 51 89 81 77 6 13 25 
95.759804 130.473961 113.543270 44 36 38 60.438596 130.052632 123.280702 127.712800 127.712800 127.399122 33 36 36 71 67 63 102 94 90 
125.379765 128.652214 108.784362 42 38 46 42.671053 131.894737 127.789474 128.534818 128.534818 131.822399 38 42 46 65 72 72 8 11 19 
112.910397 129.292604 111.014301 37 37 43 40.315789 130.368421 129.013158 128.388828 128.388828 128.460673 37 41 45 78 74 71 4 11 19 
135.328072 127.937147 108.882790 65 50 47 54.475000 129.962500 119.400000 129.116531 129.116531 133.435670 20 28 35 54 61 65 84 91 95 
122.455126 128.399721 109.757154 46 42 46 48.159091 129.852273 126.147727 127.919946 127.919946 132.341327 30 38 42 0 10 15 57 65 69 
113.891970 130.226403 109.360196 32 32 36 37.250000 130.902778 127.166667 128.663457 128.663457 129.518847 28 32 36 59 62 62 89 93 93 
119.925162 129.477301 106.312834 37 33 37 39.754386 130.842105 126.894737 128.654810 128.654810 130.201813 29 33 37 57 61 65 84 92 92 
123.811425 129.006354 108.063450 37 31 35 31.907407 131.518519 124.944444 128.713566 128.713566 130.454584 27 31 35 58 62 62 85 89 89 
142.867682 126.975281 108.358409 32 32 39 33.129630 131.722222 129.259259 129.506741 129.506741 131.003330 20 28 35 50 58 61 84 91 95 
147.056221 127.055678 108.010737 80 80 76 80.592105 127.328947 128.973684 127.693497 127.693497 127.107752 27 30 34 72 70 69 103 99 95 
167.636768 128.801700 109.663048 60 41 30 51.368421 130.565789 114.750000 129.485900 129.485900 129.870380 0 9 15 34 38 41 60 64 68 
209.286586 127.421781 131.622114 242 251 255 252.000000 128.000000 133.000000 127.697382 127.697382 128.997693 4 8 11 34 38 38 61 65 65 
174.312147 128.696652 111.674240 52 38 34 57.351852 130.111111 118.074074 127.629049 127.629049 123.992682 34 30 26 68 60 52 94 86 79 
168.504521 128.321790 110.786186 34 26 30 25.314815 132.462963 122.222222 129.011691 129.011691 124.141565 30 26 26 60 52 52 109 90 79 
161.736052 128.390019 107.460736 47 39 39 38.087719 131.105263 121.649123 128.575785 128.575785 129.611482 24 28 32 51 54 58 84 88 88 
160.441368 128.666602 109.569833 13 17 25 13.777778 131.092593 131.351852 128.439867 128.439867 130.976403 21 28 32 47 55 59 77 85 89 
164.165536 129.243779 110.099461 57 38 34 47.962500 131.762500 115.587500 128.950130 128.950130 130.467914 0 8 15 34 38 42 60 64 68 
143.843757 128.773400 107.360792 58 47 43 46.312500 129.362500 120.062500 128.788259 128.788259 130.253153 28 35 39 69 65 65 95 99 99 
163.240826 128.775747 108.542345 49 38 41 38.513158 132.131579 122.763158 129.699905 129.699905 126.183259 19 22 30 82 68 60 112 98 86 
157.313982 128.422370 106.928057 34 26 30 29.368421 131.964912 123.807018 129.410038 129.410038 130.106396 0 8 15 34 38 42 60 64 68 
178.604520 128.626826 113.703832 52 38 30 42.614035 129.771930 119.263158 126.449940 126.449940 125.700325 68 64 56 38 34 30 94 90 82 
169.545181 128.287240 109.212515 41 30 28 40.565789 130.381579 119.486842 128.302170 128.302170 127.789993 30 32 34 64 60 60 94 90 86 
166.504941 127.380583 109.917516 34 26 34 35.309524 132.035714 123.166667 128.918517 128.918517 130.091175 26 30 34 52 56 60 86 90 90 
166.376320 128.210607 109.196626 56 41 45 40.065789 132.657895 119.960526 130.682942 130.682942 130.578107 19 22 30 45 49 56 75 79 82 
152.541493 128.594197 108.419313 38 30 34 32.725490 131.117647 123.764706 130.820570 130.820570 125.453822 41 34 38 68 60 64 94 96 98 
144.562264 128.440998 108.459800 26 26 34 25.018519 132.574074 129.129630 127.664505 127.664505 123.724033 45 41 41 75 71 68 101 98 94 
162.984350 129.046609 107.834398 26 22 26 28.111111 130.814815 126.203704 127.741614 127.741614 126.853951 30 34 34 75 68 60 101 98 94 
164.789928 129.652649 107.751901 71 54 49 41.148148 132.092593 116.666667 130.135210 130.135210 128.134589 41 45 49 15 11 19 90 79 75 
175.056933 127.585418 110.017328 70 47 40 52.973684 131.315789 115.039474 129.014352 129.014352 128.477280 28 32 36 55 59 62 100 96 93 
171.513575 128.572705 109.417400 52 38 38 44.210526 131.578947 118.052632 129.772818 129.772818 131.411609 26 30 38 52 60 64 86 90 94 
153.277626 130.063835 108.092609 53 38 34 32.625000 130.812500 120.041667 126.971881 126.971881 125.099010 61 57 53 88 84 80 23 27 27 
165.088096 129.857366 108.033410 30 23 27 21.035088 132.578947 123.894737 129.700480 129.700480 129.871735 15 19 27 46 49 53 76 80 84 
160.517808 129.957683 108.435794 26 26 30 28.877193 130.543860 126.842105 127.626142 127.626142 128.682320 26 30 30 52 56 56 86 82 82 
170.236628 129.579501 110.011647 32 25 32 30.701754 132.877193 124.596491 129.214708 129.214708 130.516471 25 28 32 51 55 59 81 85 85 
153.037335 130.168242 106.637798 38 30 32 32.368421 131.578947 122.065789 129.539240 129.539240 129.782749 0 11 17 38 41 45 64 68 71 
158.129143 129.597841 106.597240 60 49 45 52.907895 129.236842 119.539474 128.380141 128.380141 131.420576 30 38 41 56 64 68 86 94 98 
154.704796 128.605189 110.693290 48 41 35 51.845238 126.178571 123.976190 128.014310 128.014310 129.628312 41 44 48 0 13 18 70 74 74 
172.414227 127.648383 110.138254 52 38 36 42.981481 131.777778 117.981481 128.581080 128.581080 129.317795 26 30 34 52 56 60 90 94 94 
150.865109 127.009527 108.513458 34 30 34 29.313725 130.627451 127.098039 127.303524 127.303524 128.649616 30 34 34 57 61 61 95 103 99 
161.213935 127.421741 107.418529 51 38 34 53.456140 128.912281 118.736842 127.529817 127.529817 126.855526 38 42 42 76 72 69 11 8 15 
167.898853 125.411415 114.135943 19 22 34 87.944444 128.000000 130.629630 126.329340 126.329340 123.862258 64 60 56 94 90 82 124 120 109 
155.167860 126.048498 108.803972 37 37 45 40.250000 131.473684 128.210526 130.083704 130.083704 132.351803 34 37 45 60 67 71 4 9 19 
159.685032 124.860563 107.435552 29 25 33 26.862745 133.156863 126.078431 128.914792 128.914792 128.398923 29 33 37 68 64 64 97 95 91 
170.573174 127.588361 109.101551 80 62 58 80.944444 131.333333 118.722222 127.980805 127.980805 128.690394 51 55 55 76 80 80 22 18 25 
165.953455 126.112467 109.905268 55 43 45 48.462963 131.444444 121.092593 129.112428 129.112428 129.715702 36 40 43 6 9 17 62 66 70 
165.770788 126.814308 108.984602 65 50 47 59.508772 130.175439 119.087719 127.926794 127.926794 126.039754 61 58 58 91 87 84 28 32 32 
156.300179 127.229760 106.290630 40 36 40 36.314815 130.851852 126.537037 127.850953 127.850953 129.908145 29 36 40 63 67 67 89 93 93 
169.244291 127.098199 109.795600 58 47 43 54.491228 130.122807 120.000000 128.331419 128.331419 128.678637 35 39 43 73 69 69 102 101 95 
161.540380 127.296796 109.415167 54 43 43 56.370370 130.407407 120.703704 125.770614 125.770614 120.869440 36 39 43 118 99 77 148 129 103 
162.756859 126.973925 106.526977 49 40 38 42.866667 130.066667 123.366667 128.927677 128.927677 131.768134 27 34 42 57 65 69 88 95 95 
170.763793 126.388756 110.039240 55 43 39 58.197368 129.697368 120.000000 127.819728 127.819728 128.150334 31 35 39 62 66 66 90 93 91 
162.230110 124.522534 109.012591 51 43 47 49.842105 131.105263 123.671053 129.125346 129.125346 129.829559 28 36 43 62 66 69 92 96 96 
167.028156 125.786306 111.034814 47 44 47 51.491228 131.105263 124.561404 127.949797 127.949797 123.959811 73 69 66 44 40 40 117 102 91 
168.863687 126.149952 108.069532 63 52 50 59.245614 130.000000 121.175439 128.303551 128.303551 129.649622 44 48 52 18 22 26 70 74 78 
150.269877 128.175642 104.819909 39 35 39 39.000000 130.350877 126.614035 128.023645 128.023645 131.757520 32 39 43 61 65 69 2 9 17 
154.899393 125.773877 107.443555 70 52 48 58.052632 129.947368 117.197368 129.579012 129.579012 131.904429 37 41 48 4 11 22 67 70 74 
174.478896 127.066442 110.164152 92 74 63 73.850000 128.987500 115.475000 129.557089 129.557089 132.287014 26 33 41 55 63 67 85 92 92 
173.213346 126.101278 111.185198 77 62 50 67.302632 128.065789 116.842105 128.607770 128.607770 130.425324 31 35 39 62 66 66 99 100 97 
166.254102 128.825796 109.637324 70 52 44 70.824561 129.087719 116.596491 129.224252 129.224252 125.956041 55 52 52 81 78 78 18 20 26 
165.790701 129.341996 107.846344 39 32 35 35.118421 130.644737 123.605263 129.125059 129.125059 131.271885 28 35 39 54 61 65 80 87 91 
162.542638 128.955793 108.624550 48 41 46 47.907407 132.314815 124.796296 128.924099 128.924099 130.249922 11 15 22 41 44 48 81 78 74 
151.200909 129.063561 107.799516 30 26 34 32.543860 132.210526 125.614035 128.926392 128.926392 131.614864 19 26 34 48 56 60 86 93 93 
159.084349 128.720148 108.656547 54 39 31 55.925000 127.875000 118.087500 128.164418 128.164418 131.857744 28 35 39 54 61 65 79 87 91 
151.589225 131.595120 106.853653 47 47 51 55.039474 130.236842 128.802632 127.563661 127.563661 132.060195 32 43 47 92 84 73 2 9 17 
173.231535 128.776414 111.245055 41 30 30 40.350000 131.775000 118.925000 128.365170 128.365170 124.967221 41 38 38 75 68 64 105 101 101 
167.417797 127.977432 109.113452 34 30 34 30.476190 131.595238 126.023810 135.650058 135.650058 117.109528 34 30 38 91 72 68 125 102 94 
166.316357 130.391705 108.920480 89 97 93 112.065789 122.723684 131.342105 121.007810 121.007810 116.178249 123 108 78 97 82 52 56 48 19 
178.991075 130.525054 109.949949 80 87 84 100.462963 124.518519 131.944444 126.884121 126.884121 125.290856 43 39 35 87 80 61 114 106 91 
172.353417 128.607096 111.626462 47 51 47 90.833333 122.309524 130.250000 123.441350 123.441350 118.691469 91 87 69 117 113 95 66 58 44 
168.231050 128.454545 109.370270 82 82 63 74.736842 120.263158 124.039474 124.299368 124.299368 121.484087 71 63 48 97 89 74 37 30 19 
169.652544 127.638937 110.865338 35 28 26 34.197368 128.447368 122.315789 127.561694 127.561694 127.790650 32 35 35 73 69 61 99 95 87 
176.292305 129.640271 109.408303 72 57 34 63.555556 124.203704 117.722222 127.057715 127.057715 124.191092 49 45 42 83 76 68 23 19 15 
173.995842 130.378737 110.912603 82 99 109 106.425926 128.333333 139.111111 123.818207 123.818207 121.839254 90 82 68 64 56 41 124 116 94 
165.661440 129.521637 109.392806 47 54 43 71.750000 123.397059 131.852941 124.600331 124.600331 123.856555 28 24 17 58 54 43 99 88 69 
146.483243 128.942896 113.549172 45 34 21 36.351852 126.685185 119.796296 124.658153 124.658153 123.787957 64 60 49 34 30 23 91 87 76 
164.932988 129.885191 110.017443 48 65 78 83.972222 129.472222 138.930556 125.036942 125.036942 126.350919 43 45 41 82 78 67 112 108 93 
166.998176 128.759684 113.743805 89 103 103 115.210526 128.333333 138.666667 123.853344 123.853344 120.595068 74 67 56 118 107 81 16 20 24 
169.003903 126.783607 112.045767 65 74 69 88.250000 123.583333 131.972222 126.734520 126.734520 127.159248 23 27 27 95 76 65 143 114 95 
166.943226 127.306222 111.343228 70 74 59 85.555556 121.796296 129.000000 130.896161 130.896161 116.751716 37 30 33 100 74 63 129 115 103 
172.959043 127.553442 112.235945 107 118 118 109.881579 125.447368 135.407895 125.719083 125.719083 125.267237 74 70 63 48 44 37 100 96 89 
162.024900 129.984658 111.711233 41 30 26 42.666667 127.719298 120.666667 125.709801 125.709801 122.132909 52 48 45 22 19 19 89 82 71 
170.376998 128.948850 109.041631 84 95 95 100.569444 125.847222 134.097222 125.527413 125.527413 122.421948 42 38 34 88 80 69 114 107 95 
158.996758 129.508529 109.037248 2 9 20 63.080000 126.030000 122.670000 125.235591 125.235591 123.533479 58 54 47 95 87 73 28 24 20 
167.706754 128.419886 107.654372 76 60 53 51.777778 128.500000 119.833333 129.249830 129.249830 130.585043 26 30 34 53 57 60 98 102 94 
168.556121 128.703942 110.783930 44 55 63 74.368421 124.894737 132.236842 126.027081 126.027081 124.302691 63 59 52 33 30 26 100 89 78 
166.122875 128.992931 107.838659 68 82 90 87.500000 128.819444 137.555556 126.841587 126.841587 126.184012 41 38 34 71 68 60 98 101 90 
176.187036 127.383410 110.919721 69 56 37 56.000000 124.394737 117.842105 125.940032 125.940032 121.635631 52 45 37 89 78 63 130 108 89 
169.281695 127.635407 109.490807 45 45 39 85.394737 123.263158 128.236842 127.638591 127.638591 127.239927 0 8 15 60 56 52 90 86 79 
170.322883 128.732755 110.275627 90 99 98 100.407895 126.052632 134.618421 125.657554 125.657554 124.132279 60 56 49 98 90 75 11 15 19 
156.656379 127.211762 106.745843 8 23 30 98.277778 127.083333 135.958333 127.295406 127.295406 127.526960 42 40 38 76 79 72 106 110 102 
148.508313 130.122263 104.788259 59 44 36 50.062500 129.537500 118.375000 126.975775 126.975775 127.957422 21 25 25 59 55 51 86 89 82 
168.398147 128.436031 109.850949 41 30 26 37.263158 129.263158 120.578947 126.505003 126.505003 126.484991 56 52 45 82 79 71 11 15 19 
153.749939 132.118587 107.536822 87 96 93 97.296296 125.296296 133.351852 124.797600 124.797600 125.440961 62 59 47 89 85 74 17 21 21 
164.849138 128.315565 108.483350 82 98 105 104.725490 129.039216 138.196078 126.228028 126.228028 122.116212 71 60 45 22 19 19 98 90 75 
182.978389 128.789005 111.989696 53 38 30 51.462963 126.833333 117.425926 126.768875 126.768875 125.370566 49 45 42 87 79 68 13 15 15 
174.494658 131.922379 107.299131 75 82 79 78.855263 125.092105 131.947368 126.497181 126.497181 127.478100 15 19 22 45 49 49 90 94 86 
166.796465 128.522642 110.531315 86 86 64 76.210526 121.342105 123.578947 127.290002 127.290002 125.969355 64 60 52 19 22 26 94 86 79 
157.564225 129.720461 108.466375 17 13 17 13.541667 129.500000 126.250000 127.554789 127.554789 129.475724 17 21 25 47 51 51 89 96 93 
158.979980 126.644154 109.832297 84 95 91 86.438596 126.807018 135.403509 126.966373 126.966373 129.214974 32 35 35 67 69 65 95 99 91 
158.404385 129.882411 108.053103 52 71 82 65.098039 130.313725 139.196078 125.300171 125.300171 119.980922 41 34 22 68 60 49 112 94 75 
171.987835 127.725649 111.354342 52 41 38 49.289474 129.197368 122.263158 128.033748 128.033748 128.305929 22 26 30 64 60 56 94 90 82 
157.295081 129.541571 109.453093 89 103 107 101.694444 128.319444 137.347222 124.718977 124.718977 122.185377 103 100 89 67 63 55 129 126 115 
168.191735 127.514665 113.295618 41 33 33 43.430556 129.319444 122.875000 126.245760 126.245760 124.107013 55 52 48 85 81 74 30 26 22 
166.553163 128.279896 111.153659 34 23 26 25.986842 132.894737 120.921053 128.735950 128.735950 128.514881 26 30 34 53 57 60 83 87 87 
174.816075 128.893938 110.766726 60 38 26 43.276316 130.592105 113.302632 128.128456 128.128456 126.293322 19 22 26 60 56 52 105 90 79 
176.902195 128.410683 110.949258 100 91 81 99.631579 127.223684 122.197368 126.262068 126.262068 121.689632 96 85 70 52 48 41 122 115 103 
173.268603 129.458737 110.452103 41 26 26 43.921053 130.894737 114.947368 127.520523 127.520523 128.447811 26 30 30 52 56 56 79 82 82 
178.983438 129.691955 111.496914 72 57 45 66.518519 127.166667 118.203704 127.874927 127.874927 128.310144 23 26 26 49 53 53 102 87 79 
182.000860 129.206981 114.742271 81 81 74 92.657895 126.250000 127.236842 126.999702 126.999702 117.844148 96 85 74 71 56 45 128 114 99 
170.553406 125.972795 112.016355 55 47 44 75.434211 129.592105 125.631579 127.155937 127.155937 127.330963 76 73 69 40 44 44 106 102 95 
174.490362 128.450825 110.850040 76 87 95 98.833333 128.925926 135.351852 126.651631 126.651631 122.406939 87 80 73 55 51 47 117 109 98 
180.394025 128.737590 111.031698 86 82 71 99.928571 124.202381 125.214286 127.767702 127.767702 129.538390 30 34 34 56 60 60 82 86 86 
177.912641 129.222467 112.738296 83 93 102 108.487500 129.325000 134.137500 127.344982 127.344982 120.251023 83 76 68 53 45 42 117 106 94 
172.828732 129.864328 112.567585 94 101 109 110.470588 128.176471 133.588235 128.223406 128.223406 125.982627 0 11 15 38 41 41 64 68 68 
182.328941 129.842943 110.313507 68 73 79 82.710526 129.236842 131.460526 127.431614 127.431614 124.868279 56 52 49 82 79 75 30 26 22 
182.987532 129.825685 111.894675 52 60 75 79.912500 132.762500 135.587500 126.310045 126.310045 121.147331 112 101 90 79 71 64 139 131 120 
178.096787 129.790265 112.739401 59 41 33 48.447368 130.223684 117.289474 126.115045 126.115045 121.539274 0 11 18 85 74 59 111 100 85 
174.532240 130.558633 111.975000 76 66 58 67.380952 127.464286 119.214286 126.537909 126.537909 123.481980 91 87 80 62 58 55 117 113 106 
175.014984 129.179519 111.551117 111 113 106 104.900000 125.366667 127.666667 126.563761 126.563761 123.768414 73 69 62 33 29 26 98 95 91 
174.605187 128.943191 109.690180 49 26 19 37.385965 131.859649 113.684211 129.961882 129.961882 126.022355 8 9 15 49 41 41 75 79 79 
166.244981 129.337442 108.218914 79 77 75 98.986842 127.526316 128.210526 128.272014 128.272014 127.063573 26 30 34 64 60 60 109 94 86 
168.497933 127.954184 111.048523 87 91 93 105.000000 127.434211 130.539474 129.041659 129.041659 116.057562 80 58 47 114 91 73 35 24 20 
167.441973 128.797876 109.487808 101 104 104 117.203704 126.555556 131.240741 127.327547 127.327547 124.843639 48 45 41 82 74 67 108 101 93 
178.952352 129.381815 113.009064 92 86 75 87.171053 125.184211 121.789474 128.143167 128.143167 128.963891 26 30 34 56 60 60 94 90 86 
188.012887 129.569072 112.206691 96 100 100 108.264706 128.029412 130.382353 126.785926 126.785926 119.498216 96 85 74 62 55 47 123 111 100 
163.601038 128.960319 108.991777 89 78 74 83.317460 127.825397 120.714286 128.848820 128.848820 127.980003 26 30 34 63 60 60 89 86 86 
185.748129 128.716972 112.301333 59 46 42 71.137500 128.162500 119.875000 128.867967 128.867967 124.745541 46 42 42 80 72 69 107 103 99 
184.660557 128.132992 114.931519 68 52 45 59.407407 128.166667 117.740741 133.315725 133.315725 114.199500 60 38 34 98 68 60 124 98 86 
182.587260 130.665522 111.938895 13 13 21 42.333333 131.870370 115.314815 127.969948 127.969948 127.363852 59 63 63 33 36 36 86 90 90 
171.809116 129.545183 111.731366 80 95 91 94.500000 122.148148 133.796296 122.475531 122.475531 130.677160 57 69 61 84 99 91 30 34 27 
183.902751 128.659667 114.694133 64 49 45 51.916667 130.347222 118.888889 127.721813 127.721813 114.940340 120 101 82 71 56 49 41 26 22 
172.783660 129.430631 108.680859 60 41 38 39.842105 130.802632 115.342105 127.198581 127.198581 126.400992 68 64 60 94 90 86 41 38 34 
184.507914 129.819994 110.028226 59 51 51 81.437500 130.700000 124.500000 128.660525 128.660525 126.226282 51 47 47 77 74 74 19 17 21 
181.251607 129.590783 112.294820 65 49 42 53.245614 128.315789 120.964912 127.668987 127.668987 124.353381 57 53 49 84 80 76 27 23 23 
175.925396 130.592431 113.976871 66 69 76 104.552632 129.026316 132.486842 126.432179 126.432179 121.792701 113 106 95 73 69 66 47 44 40 
173.709458 129.013044 109.652107 60 45 38 56.016667 128.550000 117.833333 128.144616 128.144616 127.474865 0 9 15 60 56 56 86 82 82 
175.487368 130.362574 111.837587 94 105 112 93.789474 130.105263 135.315789 126.887298 126.887298 117.596747 124 109 94 98 82 68 60 49 41 
184.687537 129.699287 113.413558 95 103 103 110.291667 126.888889 131.444444 126.936570 126.936570 120.478161 65 57 49 91 84 76 38 30 23 
167.270510 126.339497 108.377556 60 45 37 49.065789 129.078947 117.013158 141.855211 141.855211 102.478219 99 56 56 72 14 29 134 84 84 
170.624648 128.822561 111.079067 84 87 87 97.500000 126.574074 128.648148 127.793018 127.793018 127.662092 40 44 44 76 73 69 102 98 95 
181.759615 130.366986 114.846488 63 67 71 81.403509 129.596491 130.561404 126.256379 126.256379 120.656670 71 67 59 102 94 86 44 40 33 
170.289385 129.170066 111.622103 75 64 57 68.888889 128.425926 119.722222 127.605019 127.605019 121.823555 61 53 50 97 86 75 28 24 24 
172.783520 129.184776 110.071732 49 38 38 43.259259 131.296296 120.888889 129.237366 129.237366 132.002309 15 22 30 45 52 56 71 79 81 
148.092510 128.752294 110.139931 32 25 30 25.500000 132.289474 124.565789 128.965046 128.965046 131.052763 21 28 32 51 55 59 81 85 89 
158.382510 132.906459 107.520626 45 34 30 42.280702 129.263158 119.421053 127.320014 127.320014 128.937084 0 11 19 41 45 45 67 71 71 
178.359061 129.109108 109.681488 74 51 43 49.671053 131.105263 112.631579 127.807766 127.807766 128.403908 25 28 28 51 55 55 77 81 81 
172.721861 128.937146 110.039653 109 112 112 109.725000 128.262500 130.025000 127.896514 127.896514 126.708768 52 49 49 82 79 75 15 19 22 
184.656536 130.956985 115.098669 81 94 107 103.701754 130.035088 136.859649 127.572575 127.572575 118.951131 118 103 92 85 70 67 144 129 118 
169.956457 129.159568 109.551258 109 118 105 125.105263 122.315789 134.105263 126.132759 126.132759 133.388181 38 45 45 0 8 15 68 75 71 
164.128861 129.186306 107.470269 62 45 41 54.837500 130.887500 118.200000 130.194198 130.194198 131.125996 22 26 34 52 56 60 79 82 86 
186.168435 129.761232 112.714617 76 60 49 62.929825 127.333333 118.000000 126.831185 126.831185 124.251014 79 72 64 45 42 38 110 98 91 
183.894372 130.210871 111.554480 60 41 33 46.000000 132.140351 113.561404 127.834564 127.834564 126.729870 37 33 29 64 60 56 95 99 99 
180.235296 126.183043 109.753151 48 36 36 56.525000 131.437500 121.287500 127.804091 127.804091 128.527015 28 32 36 60 64 64 92 96 94 
177.836951 128.951505 110.147756 68 71 75 79.814815 128.851852 130.814815 128.239955 128.239955 127.073414 49 52 52 19 22 26 94 82 79 
167.810400 128.071351 108.788738 88 80 65 106.740741 122.796296 128.907407 126.243136 126.243136 136.874705 27 42 46 53 76 80 84 107 110 
184.128019 128.807700 112.237925 100 96 85 111.776316 125.513158 127.736842 127.522242 127.522242 124.511250 62 59 55 96 89 81 36 32 28 
